"","V_1","V_2","V_3","V_4","V_5","V_6","V_7","V_8","V_9","V_10","V_11","V_12","V_13","V_14","V_15","V_16","V_17","V_18","V_19","V_20","V_21","V_22","V_23","V_24","V_25","V_26","V_27","V_28","V_29","V_30","V_31","V_32","V_33","V_34","V_35","V_36","V_37","V_38","V_39","V_40","V_41","V_42","V_43","V_44","V_45","V_46","V_47","V_48","V_49","V_50","V_51","V_52","V_53","V_54","V_55","V_56","V_57","V_58","V_59","V_60","V_61","V_62","V_63","V_64","V_65","V_66","V_67","V_68","V_69","V_70","V_71","V_72","V_73","V_74","V_75","V_76","V_77","V_78","V_79","V_80","V_81","V_82","V_83","V_84","V_85","V_86","V_87","V_88","V_89","V_90","V_91","V_92","V_93","V_94","V_95","V_96","V_97","V_98","V_99","V_100","V_101","V_102","V_103","V_104","V_105","V_106","V_107","V_108","V_109","V_110","V_111","V_112","V_113","V_114","V_115","V_116","V_117","V_118","V_119","V_120","V_121","V_122","V_123","V_124","V_125","V_126","V_127","V_128","V_129","V_130","V_131","V_132","V_133","V_134","V_135","V_136","V_137","V_138","V_139","V_140"
"t2",-0.0184254055950521,0.00326628855838569,-0.0487226213955227,0.00779281790415108,-0.00394841447470627,0.00946051274661447,-0.0294002907044566,0.00674558501801674,-0.00082429738897412,0.00820595747126636,-0.0325223878669275,0.000108262144311517,-0.10874585133205,0.0321959342251614,-0.000252205939713115,0.0124743439235675,-0.0192383396463448,0.0435648077928133,-0.0234145493796254,0.0460345460319676,0.00181588220650851,-0.100772592130674,-0.00198446647576344,0.0147050907544614,0.29628530487702,-0.0262901837478453,-0.0962959835260623,0.154342923652696,-0.195023291366226,0.087787626730911,-0.0630820518215332,0.159318640177136,-0.0332562602943713,0.00149509867146546,-0.0570678202291854,0.00218498244241384,-0.0681066183905447,0.0489621166381225,-0.0203102693179619,0.000339426575158372,-0.180160167239894,1.28981116536859e-05,0.0603959873945767,-0.051002783238326,0.0442565596739703,-0.00314707895066011,-0.000957412337766309,0.00500652060131313,5.48459300089674e-06,0.0683304248254007,-0.00638633157304103,0.00414443092120808,-0.00717414790931425,-4.0135732813175e-05,-2.14612306233348e-05,-1.55347036421847e-06,0.00305586397966407,8.31891461467006e-08,1.76587599052236e-05,-0.00240568707326046,-7.3945488679246e-05,-5.67381594456724e-05,-0.000117041354130183,-0.000610049920308639,0.000595061606787805,0.000614047485869333,0.000861147739983201,0.000391919228522258,0.0021422951704527,0.00976631379599475,-0.105478861564363,-0.00364158936111967,2.38162833481848e-05,0.107030647338446,0.264268567217039,-0.435095140758114,-2.33970444602701e-14,-0.313964915800351,0.305767966453669,3.44336634310495e-11,0.00989149808698126,0.480369262028437,-3.91579041713304e-06,-0.00336646059504982,-0.00174745218595927,-0.000884147608668415,-0.00044866220838398,0.00141659327229642,0.00104595058690133,2.60728962942562e-05,0.00020441230650806,0.000111312552238064,0.0115869049454783,-0.00500612470924551,4.63332804272394e-17,3.60483273502135e-17,-0.000808578046574431,0.0171074809283464,6.40750913719351e-05,0.000421701452709382,0.000172467585613656,-0.0197284068910947,-0.000944075098071354,0.00585697397052123,1.67461340360008e-16,-2.46738631205548e-16,-2.08673807555993e-05,-3.64524470760168e-05,-4.17693319290001e-16,-8.26852494142796e-17,2.49477331310676e-19,-8.61717860680515e-18,-4.30367302707138e-05,0.000716286070053699,2.44770006870142e-06,-0.00225066441634631,-7.98361279338349e-16,6.69909875788214e-05,3.29408754184776e-08,1.44129397799063e-16,4.56567630758877e-17,6.38482263653961e-17,-2.87774173613881e-05,-1.00006015384587e-06,6.44454785100167e-05,-7.49200768449137e-06,1.75201527622955e-06,-7.3569155210466e-18,3.0954020805848e-17,1.3289936258688e-17,1.89806451362317e-17,-7.05260173466882e-07,-1.76819051618486e-16,-1.34427935365316e-17,1.6739274546767e-16,1.66876555761436e-17,-9.25591910800593e-17,-1.23044085073433e-16,6.44465528580072e-18,6.29985634322246e-17
"t29",-0.0260946051825932,0.00550366466851256,-0.226518814998177,-0.0300687468285001,0.00459391433940332,-0.00743302530511949,0.0158661499483999,-0.00189915317950606,0.000228310101523431,-0.000870190046124125,0.00297445792840573,3.89052794293242e-07,-0.00626442174468284,0.00217511816224823,-2.27146086476222e-05,0.00140745707250292,-0.00226081761994763,0.0553032747370529,-0.0493468197695334,-0.00459100128652758,7.64547746836307e-05,-0.00686524167643998,-0.000176648056996558,0.00176774721615088,0.0498888138306536,-0.00455204820375827,-0.0231755552069794,0.0372976429579095,-0.0540235329940756,0.0249989991288123,-0.021353498119626,0.0546482191104995,-0.011769215608886,0.000797653659421044,-0.0319130391064866,0.00140506418971901,-0.0450433734242471,0.0871474494665826,0.00425272045485976,-0.0213570379529357,0.262535863553693,-1.05262608856549e-05,-0.0910123793998382,0.0206396149730218,-0.0126742777015935,0.000792980013242236,0.000240016470938557,-0.00108277260466927,-1.16201640069245e-06,-0.00921971031336489,-0.0246835168163885,-0.000192899483336775,0.000251638262083639,-2.88162352038043e-06,-3.5585399144478e-06,2.19790199511181e-06,-0.00151760834960333,-3.38825668452221e-08,-2.72601462902467e-06,0.000334962464206014,9.32321747851207e-06,5.33063023106942e-06,1.08032451017896e-05,5.58748300148504e-05,-4.96751101922136e-05,-4.68576713630754e-05,-5.80636843463829e-05,-2.47350475575329e-05,-0.829130820557381,5.96713482699128e-05,0.0011089466300684,-0.376866756770002,-1.16326029211392e-06,-0.00472026654089041,-0.0108624644389682,0.0170548400991238,5.12941254002461e-14,0.0096680077422462,-0.00927192427268506,-1.04460822481557e-12,-0.000263468918535783,-0.0117398859089465,8.55096870702283e-08,6.99740011804933e-05,3.04549793398491e-05,7.85726135523696e-06,1.81735600559553e-06,-1.08440394366746e-06,-7.87005303715127e-08,2.00767342794596e-09,7.41458303778634e-07,-0.00779919780399132,6.95960179203279e-05,-3.89304036479076e-05,1.48489089613909e-16,5.60959533134462e-16,-9.26201515433716e-06,0.000210344633214719,7.91976926758332e-07,-0.0505212983512504,2.93405006984112e-06,-0.000346403486108289,-2.2005106722212e-05,0.000137199589402474,-6.58357987130061e-16,2.99764704528615e-16,-6.30779487760675e-07,-1.11009116103703e-06,-1.22673144489983e-15,-1.63731870011402e-16,1.31948846849026e-16,1.29164217265769e-16,-1.61973743223703e-06,2.70033890473807e-05,9.29234903661606e-08,-9.44012310593962e-05,-7.78423078393002e-16,2.92861096134146e-06,1.44025049531385e-09,2.37323781724566e-15,3.41389066463113e-16,-2.86294676322502e-16,-1.4783387921561e-06,-5.1459902248887e-08,3.32874397886851e-06,-3.94683262665647e-07,9.55527766887216e-08,-3.37101378199671e-16,2.60283754209565e-16,1.68181144926534e-16,-2.59783981537106e-16,-4.28617657469515e-08,2.5617220417584e-16,-1.5780184336866e-16,8.6490581245868e-16,1.45100550351206e-16,-5.99506047391638e-17,-8.0600501424636e-17,-8.98805358658623e-17,-3.99065874065577e-16
"t52",-0.0273999053241328,0.00588493515584707,-0.256924060318049,-0.0365649503668778,0.00606368849296826,-0.0103432674970281,0.0236720617834514,-0.00338978432547592,0.000409803748609422,-0.00241980735513679,0.00901906354053708,-1.70566454933803e-05,0.00820239337097289,-0.00183938936321949,2.32471187618604e-06,0.000642824077146713,-0.00126623322005559,0.255768579771151,-0.238916380258533,-0.0574355474043363,-0.00101914092911007,0.0455175465918231,0.00074173927882896,-0.00413656744585844,-0.0586583831715606,0.00506843204657016,0.0144440855053508,-0.0230964840432392,0.0272285913252864,-0.0121103023824614,0.00816636911890885,-0.0205380000712595,0.00424574141185328,-0.000168807789261543,0.00633241001827557,-0.000227887180769187,0.00699870218157696,0.00128807759049466,0.000456058968993379,-0.00418931840555103,0.15401195261102,-1.43380415600343e-05,0.507721066681031,-0.0209229156174245,0.00874283761362993,-0.000491446460976057,-0.000148166669523732,0.000602786843767703,6.38639398784632e-07,0.00418743800063601,0.0270053332631852,4.40956579488756e-05,-6.88748584750003e-05,7.67876031910419e-07,8.97320908622509e-07,-4.70559219186026e-07,0.00030613990252958,6.68526107915379e-09,4.31539401264939e-07,-5.10731903414577e-05,-1.36764938093313e-06,-6.88221666301224e-07,-1.38331499032368e-06,-7.12864542924991e-06,6.06255912476175e-06,5.46788523805652e-06,6.33254960191048e-06,2.56119435666126e-06,0.0803319388107049,-5.73692903424331e-06,-0.000111453844737111,0.0327523986033104,1.02639456837138e-07,0.000413646810038366,0.0009413714985365,-0.00146022618383052,-0.707106781186554,-0.000752932342423115,0.000717429697791996,8.81729582127242e-14,1.93217526930282e-05,0.000831890235976684,-5.80351090709673e-09,-4.66335762579879e-06,-1.90851952763869e-06,-4.09403364112066e-07,-8.33044426841353e-08,4.49635412269373e-08,3.1899804749211e-09,-8.0964775595235e-11,-2.63191478129638e-08,-0.000218867276143037,-2.23370389914506e-06,1.15426543823905e-06,9.40873791885947e-16,9.31687870437065e-16,2.28617648182151e-07,-5.02080478280474e-06,-1.88805975218263e-08,-0.00264169335723521,-4.46287778141529e-08,5.00555866516945e-06,1.24766934201477e-07,-7.52570062774677e-07,-6.79668187846782e-16,6.07109559315608e-16,-3.54722643087851e-09,-6.66164938364704e-09,2.98583337811184e-16,6.86736212009286e-17,-5.5328779549429e-16,-1.87560923319289e-16,-2.97431052454556e-08,4.98862704389271e-07,1.76007541370316e-09,-2.46129062709269e-06,4.8972566316051e-16,8.58394269003992e-08,4.22302430353554e-11,1.87754584328188e-15,-2.34797790762931e-16,-5.48856186890352e-16,-6.46518804837379e-08,-2.25896538928701e-09,1.47380641991286e-07,-1.82625281145576e-08,4.76916300765349e-09,-4.02159962232786e-17,2.69189800259382e-17,2.45605524460495e-17,7.23492907403002e-18,-2.67632646151995e-09,-1.14795191715964e-16,-6.10871075649623e-18,-1.94994899009842e-15,-7.31768698382115e-17,-1.08668797908831e-16,-8.93895558601076e-18,-2.29916417231329e-17,6.50720131060977e-17
"t53",-0.027399905324133,0.00588493515584632,-0.256924060318049,-0.0365649503668779,0.00606368849296832,-0.0103432674970285,0.0236720617834513,-0.00338978432547557,0.000409803748609225,-0.00241980735513721,0.00901906354053697,-1.70566454932613e-05,0.00820239337097314,-0.00183938936321978,2.32471187599722e-06,0.000642824077146689,-0.00126623322005579,0.255768579771152,-0.238916380258534,-0.0574355474043368,-0.00101914092911,0.0455175465918236,0.000741739278828728,-0.00413656744585856,-0.0586583831715607,0.00506843204657014,0.0144440855053515,-0.0230964840432399,0.0272285913252876,-0.0121103023824624,0.00816636911890935,-0.0205380000712596,0.00424574141185301,-0.000168807789261368,0.00633241001827653,-0.000227887180769112,0.0069987021815782,0.00128807759049424,0.000456058968993237,-0.00418931840555045,0.15401195261102,-1.43380415600093e-05,0.507721066681036,-0.0209229156174253,0.00874283761363071,-0.000491446460977037,-0.000148166669523856,0.000602786843767631,6.38639397731318e-07,0.00418743800063717,0.0270053332631824,4.40956579477346e-05,-6.88748584751907e-05,7.67876031573347e-07,8.97320908702977e-07,-4.7055921942372e-07,0.000306139902526842,6.68525858313314e-09,4.31539399464923e-07,-5.107319034055e-05,-1.36764938138699e-06,-6.88221664172353e-07,-1.38331499052704e-06,-7.12864542818658e-06,6.06255912464061e-06,5.46788524024777e-06,6.33254960097758e-06,2.5611943582529e-06,0.0803319388107759,-5.73692904095972e-06,-0.000111453844735536,0.0327523986033411,1.02639451832221e-07,0.000413646810025661,0.00094137149855085,-0.00146022618385733,0.70710678118654,-0.000752932342452522,0.000717429697794508,7.41241252179343e-14,1.9321752695482e-05,0.000831890235996141,-5.80350931221712e-09,-4.66335761107836e-06,-1.90851953128757e-06,-4.09403360824683e-07,-8.3304446051464e-08,4.49635415346338e-08,3.18997976373869e-09,-8.09639705082063e-11,-2.63191497407023e-08,-0.000218867276150126,-2.23370389829461e-06,1.15426543718304e-06,-8.46795093338598e-16,-9.54863989718183e-16,2.28617650494076e-07,-5.02080478184935e-06,-1.88805959880325e-08,-0.00264169335723674,-4.46287783537874e-08,5.0055586642006e-06,1.24766932357195e-07,-7.52570061727555e-07,9.34375375829005e-16,-4.50338532974775e-16,-3.54722632941032e-09,-6.66164975412146e-09,-4.75542239954044e-16,-1.70181431125335e-16,7.59772277247128e-16,1.87578738933627e-16,-2.97431051362062e-08,4.98862706832669e-07,1.76007494902915e-09,-2.46129062824168e-06,-4.4008571208511e-16,8.58394271484528e-08,4.22293720217482e-11,2.15082029967519e-15,1.59487590841178e-16,6.29697252651643e-16,-6.46518808699197e-08,-2.25896563405304e-09,1.47380642203544e-07,-1.82625288481934e-08,4.7691622387583e-09,2.40486142920877e-17,-8.83416398179945e-17,-2.54167330515735e-16,1.85239675676467e-16,-2.67632622271272e-09,2.53456715006589e-16,-9.21630477695168e-17,-1.53513344613517e-15,-1.35894193058282e-17,2.18990296059288e-16,-1.313369606538e-16,-1.26288691674421e-16,-3.14741618451357e-16
"t114",-0.0275072824089972,0.00591634897201554,-0.259440683142271,-0.0371049706296109,0.00618632593528524,-0.0105865074549027,0.0243254283421935,-0.00351458044532635,0.000424997506742159,-0.0025478579281776,0.00951672122997654,-1.83821107964633e-05,0.00902230910695384,-0.00203235926355172,2.59570469867369e-06,0.000725092181473258,-0.00143103388417804,0.299579312832485,-0.280023820964719,-0.0679656717631303,-0.0012234462678702,0.0550862993943833,0.000906825528673074,-0.00518424584413873,-0.078628589845578,0.00685153242610388,0.0224837560737296,-0.0360331996989184,0.0461388914483118,-0.0209027513670405,0.0160321049494544,-0.0407583205512288,0.00864845081072029,-0.000523987731060486,0.0208495549077722,-0.000908585806051463,0.0290944458883264,-0.0593881615221552,-0.00754276099007768,0.0164365797745237,-0.277554663167171,1.78128721379191e-05,-0.386868431784648,0.00830450800526431,-0.00191996377477687,7.99068622226169e-05,2.37723185143915e-05,-6.15142020743246e-05,-6.03710314216474e-08,0.000149326677584698,0.00310226191619726,6.10295281834507e-06,-1.07574541140707e-05,1.80780006139934e-07,2.38133092352442e-07,-1.58442188489137e-07,0.000109831028313685,2.45043878654827e-09,1.86936448770198e-07,-2.2616038015539e-05,-6.18556318195005e-07,-3.30675270880847e-07,-6.66966089286908e-07,-3.44228715535772e-06,2.98007783982034e-06,2.7331570960388e-06,3.23953210421945e-06,1.33181753940068e-06,0.0426299634061583,-3.05343413562918e-06,-5.97122713667728e-05,0.0176036510745137,5.54339029275636e-08,0.000223977948876609,0.000511370762154059,-0.000795705600479674,-1.94927685569331e-15,-0.000418899154950247,0.000399660701019433,4.5347675153889e-14,1.08738255412528e-05,0.000471039308317378,-3.31008185834007e-09,-2.66762718900498e-06,-1.10208268834316e-06,-2.42175544518445e-07,-4.9957205870406e-08,2.72171241416826e-08,1.93473683422892e-09,-4.91255645197251e-11,-1.61318973925995e-08,-0.000134649686240294,-1.37840321062397e-06,7.15911807122301e-07,-3.55706197744362e-17,-8.78004870582304e-17,1.4332474902135e-07,-3.15614376096736e-06,-1.18713361998244e-08,-0.00166725391019363,-2.83983768812612e-08,3.19028171450689e-06,8.08357819989062e-08,-4.87746110519041e-07,4.98757948284748e-16,-3.31397631519091e-16,-2.34331841246754e-09,-4.40348834032033e-09,-3.42154977203478e-15,1.61797567039962e-16,8.09565970714051e-16,-1.36699399138459e-15,-2.00564502548911e-08,3.36452851288293e-07,1.18793212330935e-09,-1.67943261005881e-06,-3.68619232600962e-16,5.88551733794965e-08,2.89477572902981e-11,0.707106781186544,3.8215941851713e-15,2.02379247888265e-15,-4.52517503486255e-08,-1.58147868567728e-09,1.03233230039316e-07,-1.28271002553838e-08,3.36626320680088e-09,2.88526897250793e-16,7.81575155679789e-17,-6.90412154626779e-17,3.05037184394827e-16,-1.92013161586351e-09,-7.43955883752686e-17,-1.7194059739845e-16,5.09753034088785e-16,-1.72394354504223e-16,7.79111621761951e-18,3.00159829568074e-16,-5.05635646184418e-17,1.46981438215972e-16
"t115",-0.0275072824089973,0.00591634897201579,-0.259440683142271,-0.0371049706296109,0.00618632593528534,-0.0105865074549025,0.024325428342193,-0.00351458044532643,0.00042499750674227,-0.00254785792817774,0.00951672122997674,-1.83821107964338e-05,0.00902230910695379,-0.00203235926355183,2.59570469915795e-06,0.000725092181473125,-0.001431033884177,0.299579312832483,-0.280023820964718,-0.067965671763131,-0.00122344626787016,0.0550862993943837,0.000906825528673086,-0.00518424584413934,-0.0786285898455768,0.00685153242610351,0.0224837560737295,-0.0360331996989182,0.0461388914483116,-0.0209027513670407,0.016032104949455,-0.0407583205512302,0.00864845081072074,-0.000523987731060257,0.0208495549077723,-0.000908585806051885,0.029094445888326,-0.0593881615221546,-0.00754276099007904,0.0164365797745224,-0.277554663167168,1.78128721381096e-05,-0.386868431784642,0.00830450800526333,-0.00191996377477706,7.99068622228788e-05,2.37723185141144e-05,-6.15142020753655e-05,-6.03710314170654e-08,0.000149326677585673,0.00310226191619639,6.10295281881085e-06,-1.07574541142247e-05,1.80780006206971e-07,2.38133090679081e-07,-1.58442188911553e-07,0.000109831028313165,2.45043928691016e-09,1.8693644916041e-07,-2.26160380153138e-05,-6.1855631790489e-07,-3.30675271139256e-07,-6.66966089768754e-07,-3.442287155249e-06,2.98007784153446e-06,2.73315709506497e-06,3.23953210397757e-06,1.33181753927649e-06,0.0426299634061571,-3.05343413376045e-06,-5.97122713695067e-05,0.0176036510745105,5.54339032244707e-08,0.000223977948872238,0.000511370762157126,-0.000795705600481672,-1.6298254366413e-15,-0.000418899154950969,0.000399660701019267,4.35933654963844e-14,1.0873825541124e-05,0.000471039308314491,-3.31008168086803e-09,-2.66762718819031e-06,-1.1020826884764e-06,-2.42175543676941e-07,-4.99572048111676e-08,2.72171241606561e-08,1.93473762867807e-09,-4.91273046735293e-11,-1.61318973870633e-08,-0.000134649686239641,-1.37840321257163e-06,7.15911808174194e-07,-8.23939810132382e-17,1.19036415829033e-16,1.43324750640796e-07,-3.15614376388863e-06,-1.18713357654287e-08,-0.00166725391020121,-2.83983784933817e-08,3.19028171853752e-06,8.08357833899376e-08,-4.87746112069667e-07,-4.12511135227928e-16,1.90471808961723e-16,-2.343315917172e-09,-4.40348804197245e-09,3.89717311714306e-15,1.58368268380909e-17,-8.98105723698942e-16,1.36531712060188e-15,-2.00564519006304e-08,3.36452848167932e-07,1.18792848973404e-09,-1.67943260386471e-06,7.072965719923e-16,5.88551768926232e-08,2.89627825846415e-11,-0.70710678118655,-3.79241978487549e-15,-1.99541126567975e-15,-4.52517475300764e-08,-1.58147335015396e-09,1.03233231578064e-07,-1.28271007593336e-08,3.36626274954353e-09,-1.46483982347096e-16,-8.64422500326082e-17,1.6979303706857e-16,4.24904229611761e-16,-1.92013095210132e-09,8.79053268248854e-17,2.87100953442684e-16,8.1279038025106e-16,2.04524222061011e-16,-1.88616232655603e-16,-3.50274263413038e-16,1.26220004111594e-16,-4.78098239493926e-16
"t142",-0.0279491462739632,0.00604746245842014,-0.270433511811384,-0.0395916267276077,0.00678627207917722,-0.0118225024473713,0.0278114136707845,-0.00426362920602044,0.000516512772957398,-0.00352335451705621,0.0134535900922595,-3.50857754026067e-05,0.0323141706273213,-0.0095460430072053,7.63813051181489e-05,-0.00402861323878006,0.00632880745644266,-0.175444830749999,0.159667190388802,0.0262078678174974,0.000248633546115745,-0.00717122852418117,-5.23092157016449e-05,-0.000330953425400815,-0.0173061289500272,0.00158477431968837,0.00725551331084138,-0.0116516017076812,0.0156620003596961,-0.00713655744706126,0.00553527760864768,-0.0140621067937419,0.00297629568022031,-0.000157445501662695,0.0060845384066213,-0.000237403642241764,0.00739530375211965,0.0570166114781522,0.538523778466883,0.00975109859498409,-0.091998589780856,3.6335199346971e-06,0.0143820283071243,-0.00558850108552212,0.00375391005490914,-0.000247009769157165,-7.4935890056091e-05,0.000365608604448959,3.97483337392339e-07,0.00515437258720862,0.229147605955331,-0.000259491346749594,0.000159414001434663,-2.7757792185218e-07,-1.67741358550624e-07,-2.18781745315807e-08,2.88951490896056e-05,7.33589442494111e-10,9.46769910463498e-08,-1.19057017700141e-05,-3.36857327659187e-07,-1.96154448667691e-07,-3.97486853954988e-07,-2.05564162749375e-06,1.82309851369869e-06,1.71279454217057e-06,2.11366337542288e-06,9.07770764227775e-07,0.0342090593571453,-2.64855998573319e-06,-0.000124800621384147,-0.0050364641343328,2.09164515334696e-08,0.000101214774149434,0.00025736257816493,-0.000424664897912846,-7.9339391163942e-16,-0.000256132705153761,0.000245356701989885,2.76616327781074e-14,6.85556087543296e-06,0.000300880711517681,-2.14418294876957e-09,-1.73733406610564e-06,-7.29791149723194e-07,-1.67695749360495e-07,-3.57538069723092e-08,2.00887542582727e-08,1.43954555204386e-09,-3.66231339349386e-11,-1.28668264853864e-08,-0.0043311522269085,-1.09670145456275e-06,6.17045415757808e-07,3.46197675699025e-16,6.67033524544155e-16,1.74081036187772e-07,-4.98343672598271e-06,-1.93875156535426e-08,-0.0328142645787973,-4.76253338786811e-09,7.97700052161503e-07,4.13943173114368e-08,-2.50728708065494e-07,2.2935703113817e-16,-2.13438464475013e-16,-1.36418491538956e-09,-2.56950667673434e-09,6.17960675990944e-16,5.53353116503702e-17,5.77600941968141e-17,1.05976959565466e-16,-1.23306559602243e-08,2.0691894348491e-07,7.31583477130859e-10,-1.05311115898327e-06,1.85016735220919e-16,3.71567936031625e-08,1.82807524460358e-11,-4.65236410139384e-16,-1.12760011876906e-17,2.86305045532468e-17,-2.92504634229408e-08,-1.02248635146188e-09,6.6778485037043e-08,-8.31938913894466e-09,2.19324467565956e-09,2.58876077243141e-17,2.06963838133341e-16,-8.11229428418812e-17,-8.73442132763897e-17,-1.26821783455241e-09,-1.0089513171447e-15,3.24901866677269e-17,-0.707106781186547,-3.91604867379267e-15,-4.80131108599948e-16,5.16011868437123e-17,-2.73218932213368e-16,-3.61708635576808e-16
"t143",-0.0279491462739632,0.00604746245842014,-0.270433511811384,-0.0395916267276075,0.0067862720791774,-0.0118225024473716,0.0278114136707844,-0.00426362920602048,0.000516512772957417,-0.00352335451705607,0.0134535900922592,-3.50857754027299e-05,0.0323141706273216,-0.00954604300720548,7.63813051186147e-05,-0.00402861323877975,0.00632880745644295,-0.175444830749998,0.159667190388801,0.0262078678174976,0.000248633546115757,-0.00717122852418092,-5.2309215701585e-05,-0.000330953425400436,-0.017306128950027,0.00158477431968844,0.00725551331084136,-0.0116516017076811,0.0156620003596958,-0.00713655744706119,0.00553527760864769,-0.0140621067937418,0.00297629568022031,-0.000157445501662601,0.00608453840662083,-0.000237403642241454,0.00739530375211954,0.0570166114781523,0.538523778466882,0.00975109859498389,-0.0919985897808544,3.63351993466381e-06,0.0143820283071273,-0.00558850108552226,0.00375391005490915,-0.000247009769157258,-7.49358900558617e-05,0.00036560860444946,3.97483337416633e-07,0.00515437258720837,0.22914760595533,-0.000259491346750018,0.000159414001434738,-2.77577921538761e-07,-1.6774135845011e-07,-2.18781747073987e-08,2.88951490891728e-05,7.33589335817041e-10,9.46769911684784e-08,-1.19057017698545e-05,-3.36857326179549e-07,-1.96154449439992e-07,-3.97486853941727e-07,-2.05564162739693e-06,1.82309851362957e-06,1.71279454213322e-06,2.11366337550718e-06,9.07770764257916e-07,0.0342090593571472,-2.64855998717388e-06,-0.000124800621384306,-0.00503646413433219,2.09164514975875e-08,0.000101214774148449,0.000257362578164305,-0.000424664897913318,-1.65864164430093e-15,-0.000256132705154594,0.000245356701989718,2.73756226128199e-14,6.85556087537918e-06,0.000300880711516849,-2.1441827916242e-09,-1.73733406606163e-06,-7.29791149826193e-07,-1.67695749012087e-07,-3.57538070056213e-08,2.00887545399485e-08,1.43954513674022e-09,-3.66212179531882e-11,-1.28668261775814e-08,-0.00433115222690863,-1.09670145495046e-06,6.17045416377755e-07,3.54238927863056e-17,7.2615664197661e-16,1.74081035649411e-07,-4.98343672644327e-06,-1.93875158528426e-08,-0.0328142645787966,-4.76253326180251e-09,7.97700051522257e-07,4.13943162034364e-08,-2.50728707976156e-07,-2.00448341650025e-17,2.87740839852064e-16,-1.36418562635005e-09,-2.56950670478299e-09,-6.15426977404848e-16,-1.87139907059424e-16,-7.72265938131844e-17,-7.64630227111118e-17,-1.23306555833878e-08,2.0691894462709e-07,7.31583980018555e-10,-1.05311115883961e-06,2.18150172163841e-17,3.71567933539688e-08,1.82803604146024e-11,-2.30824698904023e-16,-3.0390018037114e-16,-2.19122129063042e-16,-2.92504632459253e-08,-1.02248652197851e-09,6.67784846889633e-08,-8.31938950460497e-09,2.19324473199138e-09,1.19480694372443e-16,-1.60656225043111e-16,4.51846904647268e-17,-1.02317527095455e-16,-1.2682185531419e-09,8.63520713420259e-16,-1.22686442020715e-16,0.707106781186548,3.93476716114908e-15,2.80021369817969e-16,-1.52476257779479e-16,2.58387212819327e-16,1.79681219515753e-16
"t54",-0.0278381762530264,0.00601479930423246,-0.26776427293708,-0.0390051490542714,0.00664930900142513,-0.0115459167310462,0.0270507090394763,-0.00410942626916996,0.000497704574005275,-0.00334297965877365,0.0127369731751653,-3.25100741098939e-05,0.0293272752843056,-0.00862437936748328,6.82782499482589e-05,-0.00356450033691074,0.00558887096807249,-0.149482786694943,0.135951199133324,0.0221036239950379,0.000206733920472412,-0.00591535065432957,-4.27202479559349e-05,-0.000263820399750544,-0.0129358178210265,0.00117521109148887,0.00473531558328839,-0.00758952969061664,0.00951050100140302,-0.00426827749042158,0.00299244789989431,-0.00754097087277321,0.00156567323022834,-6.41461961551249e-05,0.00241370949454556,-8.79420203275217e-05,0.00270971215686299,0.00115803336116078,0.0156052349424427,-0.000356702118648635,0.0158786359330689,-1.00705483526681e-06,-0.0065904207462398,0.004276659823173,-0.00401356454336413,0.000300247283963946,9.15527836586816e-05,-0.000517430508781035,-5.74053386437975e-07,-0.0113114149262985,-0.716987749021754,0.000925560427833606,-0.000634949592830554,2.22897299164093e-06,2.13679280617593e-06,-8.24181934086158e-07,0.000502380384222098,1.07485219842669e-08,6.11078483653779e-07,-7.15107499928256e-05,-1.89753014283692e-06,-9.42350975884995e-07,-1.89421781296128e-06,-9.76209092173327e-06,8.32480143725847e-06,7.56094271454227e-06,8.95558272785899e-06,3.75772163311488e-06,0.140046252228852,-1.08919210779134e-05,-0.000540522355728098,-0.0292520998637991,7.27270175227576e-08,0.000367421705457012,0.000952662242513461,-0.00158484458254501,-8.50942053210977e-15,-0.000963547161286368,0.000923044382345889,1.02427702216541e-13,2.58199375615677e-05,0.00113526972479541,-8.12096468814396e-09,-6.59405168457823e-06,-2.79664777501712e-06,-6.77354069319579e-07,-1.53306226251791e-07,9.16785295795516e-08,6.67754523333772e-09,-1.70519416300505e-10,-6.70280202723659e-08,-0.025955850490481,-6.33818619701076e-06,3.99596341714306e-06,4.87327008879188e-16,4.44650171122068e-15,1.7019516005495e-06,-5.84054449944901e-05,-2.31407212760827e-07,-0.582308749625211,2.09983412980359e-07,-1.88330743852412e-05,-1.0077090065641e-07,5.91648055245624e-07,1.15059704445103e-15,9.28329094434723e-16,2.60027360227623e-10,3.99551344297495e-10,1.95326031112805e-16,6.59381923908503e-16,-2.08368163483546e-16,-1.10469272640295e-16,-6.81378297780033e-09,1.15150470036653e-07,4.18928482411815e-10,-8.10290341215982e-07,4.51932988003497e-16,3.10432748198782e-08,1.52768665787031e-11,3.59770623600016e-15,-1.92828930003561e-16,3.28220011602889e-16,-3.0045376527466e-08,-1.05182730617905e-09,6.89243567556518e-08,-8.73016768222392e-09,2.36243894100001e-09,-2.29605814326111e-16,-2.1178730204887e-16,7.75999207444956e-17,-2.27410723479077e-16,-1.45259526144897e-09,1.45158879558447e-16,-4.99117237257179e-17,-1.46074050954594e-16,-3.2742958488319e-16,-1.73759628392956e-16,-1.74339602776021e-16,1.97384616588171e-17,-3.18216739695969e-16
"t55",-0.027772113121116,0.00599543723890448,-0.26620292831943,-0.0386670727577724,0.00657159037209976,-0.0113904334322071,0.0266279578128795,-0.0040258746956576,0.00048752093607498,-0.00324931821831626,0.012367016565066,-3.12524677676237e-05,0.0279422691315909,-0.00820170762375777,6.46556690468343e-05,-0.00336196759629971,0.00526742852750875,-0.139083597914632,0.126465326116603,0.020495881065942,0.00019081589481237,-0.00544623691994103,-3.9212527387649e-05,-0.000240452208918083,-0.0115938368070788,0.00105130347765625,0.00412645156697158,-0.00661136119545525,0.00818867860867281,-0.00366651161014349,0.00253483995675479,-0.00638128223236695,0.00132175092370878,-5.27330576421351e-05,0.00197932357442021,-7.16294202258798e-05,0.00220431976317535,0.000917272919612203,0.012320946019543,-0.000277663303484812,0.0121530127080088,-7.62420579208799e-07,-0.00490837506526547,0.00311325444640687,-0.00286882639400191,0.000212977919505013,6.49220511047271e-05,-0.000363585660583409,-4.02855218204413e-07,-0.00772254467691782,-0.478016463871091,0.000611805868269997,-0.000416755070942126,1.40632825029727e-06,1.32198991021111e-06,-4.78396909678233e-07,0.000283847806954326,6.00849014336143e-09,3.00038171585507e-07,-3.41653468435383e-05,-8.79674632202644e-07,-3.8882945625368e-07,-7.74912597766983e-07,-3.97839343047941e-06,3.23010729080572e-06,2.77772212439979e-06,2.99496651131511e-06,1.15499259685983e-06,0.0375546674881911,-2.85211017068965e-06,-0.000133600107859653,-0.00701140690462447,1.65777884393715e-08,8.13798772929079e-05,0.000203056631633398,-0.000324561397378284,-1.21908441006024e-15,-0.000136506108449105,0.000126702397150083,1.58531510622929e-14,2.58031038004921e-06,8.53815381580969e-05,-3.50765907474514e-10,-1.93392271860939e-07,5.3177510501057e-08,1.21236588277894e-07,4.66475720206031e-08,-3.76953763603751e-08,-2.914772211462e-09,7.54163171358911e-11,3.98360868669804e-08,0.0171413932918513,4.5630847082161e-06,-3.32015567101646e-06,-3.32724348425624e-16,-8.00832822945981e-15,-1.92587654222217e-06,7.16216418002128e-05,2.85752804975585e-07,0.80685452620015,-3.79888050262698e-07,3.60235851504433e-05,3.8256528632789e-07,-2.28483486251589e-06,-1.7315547238353e-15,-9.02614807085592e-16,-7.19947887791971e-09,-1.33940445569849e-08,9.57508935282784e-16,-7.45351868837855e-16,2.084887224243e-16,2.48084409807453e-16,-4.74392229035088e-08,7.94406473255424e-07,2.78437088689289e-09,-3.56454700983604e-06,-5.88480201273852e-16,1.20193382952459e-07,5.91238693630835e-11,-3.67802842677294e-15,3.99612014452435e-16,-6.73009365073648e-17,-8.05039563069197e-08,-2.80975058872009e-09,1.82856734238273e-07,-2.23688241819875e-08,5.71463465926315e-09,3.86826986440883e-17,3.62410221950458e-16,-1.34748488112839e-16,-2.13125410541642e-17,-3.00986453509933e-09,4.78434883593201e-17,5.49973125522301e-16,-7.86563774557761e-16,2.77900785153797e-16,-3.06328390866128e-16,-1.63559493939091e-16,1.55086619958612e-16,-2.3580080796844e-16
"t94",-0.0279350848282859,0.00604334996180352,-0.270104144464531,-0.0395208789058361,0.00677015835044364,-0.0117904531351896,0.027724924680363,-0.00424684087158478,0.000514467622502228,-0.00350518649451969,0.0133822104794305,-3.48570714625848e-05,0.0320793278406759,-0.00947560620426008,7.58034110126233e-05,-0.0039977847321211,0.00628033859928048,-0.174182093938719,0.158520933302945,0.0260277629731865,0.000247073001847968,-0.00712912462558668,-5.20323331618068e-05,-0.000329774564216265,-0.0173630423749225,0.00159168548615965,0.00746526070994299,-0.0119941527208571,0.0164378058613494,-0.00752618833812121,0.0060664390099506,-0.0154673442969923,0.00330321553102561,-0.000212504523562593,0.00851135306607936,-0.000379370751104751,0.012212686978135,-0.0605592141104663,-0.296390562471096,0.00167632296084549,-0.0364739192205231,1.67733930974159e-06,0.00742590911534144,-0.00308746659990393,0.0021215797307769,-0.000140295763268281,-4.25685936612615e-05,0.000208399609065392,2.26637038422739e-07,0.00293640661685747,0.129660275834145,-0.000146456694385129,8.9817048971326e-05,-1.5846972217941e-07,-1.00781401559017e-07,6.74125959942757e-10,4.31305686539947e-06,1.18752899782609e-10,-8.57340277835391e-10,8.74252083097444e-07,5.1535956800728e-08,1.0997381881366e-07,2.37850137352892e-07,1.26545549085136e-06,-1.57245127063643e-06,-2.06607565855163e-06,-4.36240381249203e-06,-3.06739985357592e-06,-0.322722947304711,3.24106896902721e-05,0.00413474497356402,0.79448653926409,7.40222376346992e-07,0.00220313824457958,0.00381143043125074,-0.00483529955485016,-1.223413946241e-15,-0.00122839355999488,0.00113989045595344,1.38685995008685e-13,2.57827636403526e-05,0.00102294679738484,-6.58277116542124e-09,-5.14099988059428e-06,-1.94696879779997e-06,-3.691979947719e-07,-7.33349321667561e-08,4.0172982303157e-08,2.87681130458316e-09,-7.3202988225076e-11,-2.95287509760774e-08,-0.0982316886490413,-1.167704464098e-06,8.99769251604642e-07,8.38895167410108e-16,7.74103987785849e-16,2.72687047405404e-07,-7.89499105830274e-06,-3.07513681005889e-08,-0.0537549873470239,-4.73151310925073e-09,9.53381913939427e-07,5.62205562001624e-08,-3.40471603237514e-07,7.08834346860649e-16,1.12580557945804e-16,-1.80790256887559e-09,-3.40188744943272e-09,-1.70868548233182e-15,4.8880814736463e-16,4.07818992041579e-17,3.04635076840484e-18,-1.58112958497815e-08,2.65254282537028e-07,9.36757852881388e-10,-1.32594790234163e-06,-7.57806545673395e-17,4.64481049396282e-08,2.28505001588815e-11,-1.15049417137719e-15,-2.85974024375918e-16,-9.91486624827566e-18,-3.55297628433705e-08,-1.24161606348688e-09,8.10345372465653e-08,-1.00596341160249e-08,2.63549831240227e-09,2.39231457697294e-17,-7.61406944247621e-16,-1.57277142037788e-17,-2.46469023835821e-16,-1.49455645495914e-09,-1.04432314685332e-16,-1.14670932505704e-16,1.27507741224442e-17,1.80544139086962e-16,4.02957174641082e-17,-2.08239427342513e-17,-3.12019073943735e-17,4.45722809903595e-17
"t69",-0.0279827289933336,0.00605735637191588,-0.271244403855139,-0.0397703809502843,0.00682817029961308,-0.0119073010520548,0.0280452886391294,-0.00431134062092342,0.000522333209438459,-0.00357980066268221,0.0136782091227994,-3.59064048729292e-05,0.0332816134973814,-0.00984567267256972,7.90387609989795e-05,-0.00418214041906637,0.00657397938446091,-0.18432142030173,0.167780609456563,0.0276241588231119,0.000263283638393327,-0.00761364373495471,-5.57193400283554e-05,-0.000355396393037305,-0.0190060921105094,0.00174544687552473,0.00840176772125372,-0.0135036515245308,0.0187334670623837,-0.00859855786407242,0.00703738738962918,-0.0179633466325353,0.00384648559080225,-0.000255252956000688,0.0102545780392853,-0.000460905774323319,0.0148607022971207,-0.0762982185260401,-0.375073563711507,0.00216402053811827,-0.048274853928376,2.25767305448589e-06,0.0102633408218746,-0.00443888518918407,0.00315555267845463,-0.000211798469054664,-6.4303404403467e-05,0.000320640637887467,3.49620647767921e-07,0.00480856763589251,0.224804324121573,-0.000259587833168284,0.00016221782027801,-3.2178756579965e-07,-2.18852802867803e-07,1.93319797328953e-09,1.44916420141152e-05,4.29112561787806e-10,8.48748097136687e-08,-1.10575213057996e-05,-3.24290251810287e-07,-2.15886137274543e-07,-4.42050302863973e-07,-2.29684075162031e-06,2.17047185291323e-06,2.20859009925107e-06,3.23668347595572e-06,1.72416859051283e-06,0.122970164096072,-1.16023000492148e-05,-0.00127834848079544,-0.22776020793198,-1.88137546894447e-07,-0.000523501743210893,-0.000828992044100162,0.000960651805677289,3.14406197873967e-15,0.000110353802596982,-9.57495012185797e-05,-1.64092790778949e-14,-1.069493815935e-06,-1.96562155186097e-05,-2.53388387157293e-11,-6.19709362956493e-08,-6.48440317442675e-08,-1.27747365417106e-08,3.29800600869755e-09,-8.64631655086035e-09,-8.11135182567264e-10,2.19109812199758e-11,4.82180388471738e-08,0.762213651746343,-6.88801183921367e-06,1.69288618726742e-06,-4.26485004620574e-15,-3.51322850296934e-15,2.79832757419177e-07,-7.55994599040653e-06,-2.92936715035063e-08,-0.0476532094267355,-3.7965625304746e-09,7.54752980397164e-07,4.12143814156095e-08,-2.49398363597227e-07,7.9211601607829e-17,-1.69346274953699e-15,-1.29780307822017e-09,-2.4418783241441e-09,8.83890979960617e-16,-7.32031656419235e-16,2.72055224097338e-16,1.15614497046341e-16,-1.1441485997605e-08,1.91970800927249e-07,6.78337663698098e-10,-9.69641922309115e-07,8.46050044536945e-17,3.41355417258194e-08,1.67948577957151e-11,1.59690122396653e-15,1.01090256153406e-16,-2.12507420570149e-16,-2.67308198500706e-08,-9.34383066638372e-10,6.10206576676388e-08,-7.59992088858697e-09,2.00290508051196e-09,1.2522937755962e-16,7.09576673078989e-16,-2.46075029096397e-16,4.56695623203353e-17,-1.15840794825316e-09,-1.69963263861274e-16,-8.62615617841126e-17,4.2086829139431e-16,-9.19642745769252e-17,-3.28635384292652e-16,-1.91367492183502e-16,-2.08276201065422e-16,-2.9755581097821e-16
"t70",-0.0280068632696131,0.00606444780357542,-0.271820821806879,-0.0398962948896649,0.00685739377200414,-0.0119661002376207,0.0282062895167117,-0.00434366312900081,0.000526274549935798,-0.00361701640779143,0.0138257526196627,-3.64263348567406e-05,0.0338741326719608,-0.0100278451494854,8.06273188731076e-05,-0.00427244072971947,0.00671774484300612,-0.189246811442343,0.172278082173017,0.0283980245191515,0.000271119714064216,-0.00784749619522515,-5.7495532519527e-05,-0.000367685851930887,-0.0197860179319141,0.00181834867279357,0.00883854358333352,-0.0142075086256117,0.0197960208495029,-0.00909417425618275,0.00748214154706779,-0.0191059223697139,0.00409479559342129,-0.000274459660635715,0.0110365371291688,-0.000497319230556534,0.0160423376331228,-0.0831996142510874,-0.409501571011329,0.00237541268749636,-0.0533324218396687,2.50457129185045e-06,0.0114571694282102,-0.00499867579255747,0.00357848035737642,-0.000240890552533256,-7.31446696359507e-05,0.000366008165543558,3.99285683571446e-07,0.00555011490524565,0.26185873030796,-0.000303377622936504,0.000190100093332287,-3.82903055763737e-07,-2.62403449697829e-07,2.37593132014903e-09,1.79977958536322e-05,5.35145158699399e-10,1.11301183092212e-07,-1.46540321223968e-05,-4.3478060854188e-07,-3.02621331503122e-07,-6.21669107288713e-07,-3.23479661503321e-06,3.1140227737921e-06,3.23421454617736e-06,4.9070935734339e-06,2.69506939520847e-06,0.201664902262881,-1.91832496093348e-05,-0.00215537503246294,-0.387977513175221,-3.25824157046006e-07,-0.00091510808511081,-0.00146704028246621,0.00172159528318659,-4.43453149914438e-15,0.000219884853428349,-0.000192357450422342,-2.55199799884129e-14,-2.31514344944538e-06,-4.49638789465773e-05,-6.27678220729448e-11,-1.59441343754087e-07,-1.94258412576675e-07,-1.08118720167235e-07,-3.30913459846546e-08,2.58379068576817e-08,2.03308586578434e-09,-5.29042729847988e-11,-5.32619433218451e-08,-0.638994575347127,4.56463211447652e-06,-7.30516491289409e-07,3.23895153989101e-15,4.25440563169059e-15,-2.73512476158368e-08,2.66222659996845e-07,8.83330386165445e-10,-0.00221227627475028,-6.92018977305241e-10,1.54707776582608e-07,1.59217919128932e-08,-9.70697485655481e-08,-5.1439350327758e-16,1.31890379734256e-15,-6.82194223871067e-10,-1.29243823415314e-09,3.52199195674241e-16,4.51379331448462e-16,-3.59363890838741e-16,1.85650080472175e-17,-7.15087309270744e-09,1.20114690956323e-07,4.26400797175822e-10,-6.48066802533351e-07,4.75911982773609e-17,2.33475051479988e-08,1.14869903359883e-11,8.10583845839563e-16,2.2775202195711e-16,1.54726788278895e-16,-1.97801039833448e-08,-6.91921104910823e-10,4.52611384271567e-08,-5.68504160520256e-09,1.51993658408450e-09,-2.29492948528772e-16,-1.0275744632478e-16,2.76602351750999e-16,3.38181403097862e-16,-9.1584639598203e-10,2.44194606857991e-16,-7.39282290121554e-17,-1.59543274793729e-16,-5.96378026668547e-17,1.27160279709512e-16,1.31042599731845e-17,1.72591308701809e-16,-1.83903784173726e-16
"t18",-0.0237326102397974,0.004812211602604,-0.170977852382253,-0.0180999751975587,0.00185844069202564,-0.00198132588985411,0.0011184843144301,0.000977769226466307,-0.000122200844814825,0.00226246981945247,-0.00933956239735495,3.97284048104581e-05,-0.0455339683418368,0.0138090043083097,-0.000114122375451839,0.00594589044470689,-0.00926504546200077,0.0655655648500442,-0.0523843635496915,0.014486775032589,0.000810523544345165,-0.0477218337164926,-0.000987281832623458,0.00792621389624284,0.184126731118936,-0.0165842823174038,-0.0751348923710991,0.120788745736387,-0.169485460612199,0.0779950763529532,-0.0647016957920829,0.165270341636166,-0.0354390353178577,0.00230399057987806,-0.0918609277174319,0.00400724981013222,-0.128246641090873,0.237104500176813,-0.00702004933220855,-0.0572815361540149,0.669653634047582,-2.45658734058124e-05,-0.372203184689038,0.0593983363921435,-0.0349255504211794,0.00215474709413406,0.000651825628182192,-0.00289123805982063,-3.09505236883238e-06,-0.0224425396999095,0.116089664808564,-0.000760538546216138,0.000844355113532164,-8.30494933271638e-06,-1.00610741694335e-05,6.02705147052078e-06,-0.00413000847290399,-9.19680999392026e-08,-7.23456784894367e-06,0.000885717084387612,2.45579521620455e-05,1.38360431093404e-05,2.80081179080377e-05,0.000144783353278544,-0.000127790167616266,-0.000119367553072531,-0.000144057616005456,-5.8094323367339e-05,0.335684570846237,-0.00144172782989634,0.013991421803403,0.143373154024527,-2.58427019653243e-06,-0.011483813800531,-0.0276621140820051,0.0442814521119563,-1.58642650975327e-14,0.025533182494235,-0.0244802398129266,-2.73668668713566e-12,-0.000693602777054982,-0.0308452762188916,2.24138315297991e-07,0.000183243375316888,7.95196777554409e-05,2.03745728406022e-05,4.69592159587425e-06,-2.79589548179428e-06,-2.02825730410625e-07,5.17367006064328e-09,1.9078251500254e-06,0.000890876831396456,0.000178578299324245,-9.9917818052268e-05,-1.24238195810749e-16,-4.54946967326934e-17,-2.38847940060671e-05,0.000546555785446615,2.06034515037524e-06,0.00336343368171189,7.3712516257768e-06,-0.000871281460566073,-5.53735703310901e-05,0.000345228807764162,3.73974103996676e-16,-1.83038634780613e-16,-1.58024839039032e-06,-2.78057118735441e-06,3.47397879982012e-16,2.60979791446455e-17,-1.5167127873058e-16,-5.38272450935267e-17,-4.03410055511253e-06,6.72508131855372e-05,2.31370915886306e-07,-0.000234250962256916,8.39105254891885e-17,7.2558259324366e-06,3.56829686248864e-09,-5.01945281646578e-16,-1.33361151186976e-16,1.89666420962021e-16,-3.63696892205567e-06,-1.26589973309538e-07,8.1870970455744e-06,-9.69773837378884e-07,2.34359593920783e-07,-7.37114141423344e-18,-9.69780069545932e-18,-6.06803255195164e-17,-6.11082352946078e-18,-1.04470742029989e-07,-1.11880091606709e-16,-5.81110063280996e-17,-5.35045751808075e-16,-4.60887478923183e-17,-6.46375913794192e-17,-8.92490361850933e-17,-2.35631552252326e-17,-6.25581012562001e-17
"t27",-0.0787439417606324,-0.0296545281689942,0.0169958728376024,0.106436226879955,-0.00355038983478427,0.201995819574559,0.024610472569536,-0.027428694385759,-0.000358425811304252,-0.00167877323065085,0.00633569342256057,0.195206753754167,0.0125364316241512,-0.00371792090990528,0.229572743520715,-0.00497187450852482,0.000827780459549898,-0.00293189516123901,0.00147271527254131,-0.00371617906395469,-0.00019492212594857,0.0174840079093388,0.000307322735326164,0.000995015388059843,-0.0028168899172254,0.000116328758487202,-0.00136949652014766,0.00194146749420135,-0.0104387947055585,0.00636553592793396,0.0237473146740538,-0.0472040087058729,0.020234211718856,-0.00131348557912081,-0.0875323584890107,-0.0836502181304316,0.0157856208587644,4.28482407911594e-05,-3.14266142312919e-05,-9.30393334295154e-07,0.000164955359906849,-7.92615667074588e-09,-1.21664466874588e-05,-2.40159129497181e-05,4.82564619593007e-06,1.69774229192253e-06,5.52787671309705e-07,-0.00245853397329924,4.14468470960903e-10,-0.00106158038213985,-0.000118882805463287,-0.0208853215447041,0.0568751337660202,-7.15428442712128e-06,-4.7774917814905e-06,2.33546640768174e-06,-0.0216030038031037,4.35323346329996e-08,-5.36048881449645e-07,0.00242643674275243,6.35794572867957e-05,6.63488199093452e-05,2.56712308745652e-06,0.000313838640837441,-1.22987661068931e-05,-0.000230039664328294,-1.57514944745315e-05,-6.10780537559894e-06,0.000101216239844937,0.290311277704538,-0.0688854089604425,0.00130417797654427,-8.42145299927281e-05,-0.810476706275352,0.267496668088047,-0.00581449472180121,-8.63203485470024e-15,-0.0160231539841486,-0.0107509693646484,3.87188107300597e-12,3.23547015612996e-05,0.00113063897173818,-5.43142136454512e-09,0.000148652401433048,-6.18466815829671e-07,2.0783325923061e-07,5.23866528139927e-08,1.09623275240753e-07,6.81817564771731e-06,3.79055758370805e-07,4.08055305626805e-06,9.88330163103615e-09,8.29992077456404e-06,-4.81981284679994e-06,-2.26834018069931e-16,7.41859553685007e-15,-0.017711821498059,8.14765867943046e-06,3.5246462292939e-08,1.40764208014831e-07,2.89427028520614e-07,-3.48574999482765e-05,-7.06856092618927e-05,1.52611756584764e-05,2.93000998298467e-17,2.66408842559224e-16,-3.87010999568419e-06,-1.3730566541899e-07,2.95516317514285e-17,-3.01993995716643e-17,-1.64145108794508e-16,-1.98731868871881e-16,-6.90306842640457e-07,0.00745948165265881,5.42969413540533e-09,-0.000278881087497792,-1.81555304095942e-16,8.68535509042313e-06,1.86709599525291e-10,3.95957648177162e-15,1.96860303487993e-16,1.63307383413988e-16,-2.06139112099083e-07,-7.18004766306824e-09,9.73733390380018e-06,-2.07947799155096e-06,2.77351345090223e-07,4.554240906301e-17,9.06655623074043e-17,-1.19725803936253e-16,4.31260202167302e-16,-1.22269554552521e-07,-9.83432918533921e-17,-1.87627744238494e-16,-2.13675738160083e-16,-3.14291489628028e-16,-1.76623365981567e-16,-1.4696160086555e-16,4.03310185060021e-17,-1.30847827835456e-18
"t99",-0.0803942685851367,-0.0305037075504815,0.0178976916638181,0.115045564264873,-0.003948491699107,0.228528356065628,0.0284399321035557,-0.0332441107767076,-0.000435003004210704,-0.00221038194930978,0.00843924292260415,0.291795303855753,0.0210021758032799,-0.00638913917888688,0.418983396434302,-0.00962793977031884,0.00162124583291936,-0.00714892564849259,0.00360603001656476,-0.0096820394874662,-0.000559251801381796,0.053065883673005,0.00100322519536617,0.00393106603260351,-0.0218189725413006,0.00100868157940839,0.0191116358375946,-0.0262001358147516,0.0673841852360633,-0.0372559636379343,-0.0894004757124379,0.173248224118396,-0.0701739994518993,0.00284262815885303,0.183126304032072,0.16056263073166,-0.0298465481613129,-6.17450041034487e-05,4.40430146805134e-05,1.16525776935918e-06,-0.00018381782585998,8.25760917451023e-09,1.15642613372907e-05,2.04039238333592e-05,-3.78722779457996e-06,-1.29195177939016e-06,-4.20146211585481e-07,0.00180401046734828,-3.02665302102402e-10,0.000704154397304563,7.32626287820708e-05,0.0125563329383027,-0.0335257672082733,3.81341306961845e-06,2.43532135923021e-06,-1.04943206654759e-06,0.00926976862580613,-1.83599890367472e-08,1.89953962103594e-07,-0.00083443319688651,-2.11984553206949e-05,-1.99707142406009e-05,-7.6760653580719e-07,-9.35700358382714e-05,3.53894253358686e-06,6.38633804445523e-05,4.14311038480185e-06,1.54102678956105e-06,-2.4134711472272e-05,-0.0686246499860181,0.0159630396811179,-0.000299240062200447,1.90294331492821e-05,0.181629074938211,-0.0593170232214362,0.00127599231766654,2.20597234744117e-15,0.00326500828944636,0.00218000915581959,-7.84165180370777e-13,-6.30244484782711e-06,-0.000214723459375982,9.99513948521791e-10,-2.6997030970464e-05,1.07477775613835e-07,-3.17909981081051e-08,-7.3648263013322e-09,-1.44619609811908e-08,-8.86890410448787e-07,-4.91516922774719e-08,-4.89674644077042e-07,-1.15037796627991e-09,-9.41234542438385e-07,5.2237238030127e-07,2.63173943568717e-16,-1.03261354879717e-15,0.00172783051547755,-7.72250816787057e-07,-3.33233006458351e-09,-1.27594224038404e-08,-2.37412038551653e-08,2.79967482089138e-06,4.41368048273525e-06,-9.47341502084698e-07,4.76572665999404e-15,9.17665182296257e-15,1.55857333976436e-07,5.42852606434858e-09,0.707106781186548,1.77754343096506e-16,-2.05526680226782e-15,6.87793389471876e-15,1.07332840228527e-08,-0.000114382834214104,-7.8364083620872e-11,1.95368431696319e-07,-3.95902922610731e-16,4.78534257267703e-08,1.02941709323795e-12,2.60952678063622e-15,1.4239596589265e-16,-9.3917324860378e-16,-6.79773774853935e-09,-2.39011880755625e-10,3.31098036899244e-07,-7.85561530802014e-08,1.23813111179643e-08,-3.45729857862953e-16,2.07288037003562e-16,9.81751071135775e-17,-8.73237371762535e-16,-8.32595687119468e-09,1.26220043249355e-17,6.55839291421887e-17,2.6643536311698e-16,-3.7906272506683e-16,5.01380171555623e-17,2.04631244587906e-16,-5.99338477302977e-17,-2.22139214684298e-16
"t100",-0.0803942685851367,-0.0305037075504815,0.0178976916638181,0.115045564264873,-0.00394849169910699,0.228528356065628,0.0284399321035557,-0.0332441107767076,-0.000435003004210816,-0.00221038194931,0.00843924292260421,0.291795303855753,0.02100217580328,-0.00638913917888695,0.418983396434302,-0.00962793977031878,0.0016212458329195,-0.0071489256484925,0.00360603001656466,-0.00968203948746606,-0.0005592518013816,0.053065883673005,0.0010032251953662,0.00393106603260338,-0.0218189725413004,0.00100868157940835,0.0191116358375947,-0.0262001358147516,0.0673841852360636,-0.0372559636379344,-0.0894004757124379,0.173248224118397,-0.0701739994518994,0.00284262815885309,0.183126304032072,0.16056263073166,-0.0298465481613128,-6.17450041039136e-05,4.40430146806253e-05,1.16525776930993e-06,-0.000183817825860411,8.25760943892681e-09,1.15642613370479e-05,2.04039238337339e-05,-3.78722779426771e-06,-1.29195178000295e-06,-4.20146212102863e-07,0.00180401046734758,-3.02664935286314e-10,0.000704154397304035,7.3262628781174e-05,0.0125563329383028,-0.0335257672082728,3.81341306959823e-06,2.43532135950632e-06,-1.04943206676226e-06,0.00926976862580607,-1.8359988800569e-08,1.89953961614456e-07,-0.000834433196886003,-2.11984553211399e-05,-1.99707142406464e-05,-7.67606535703865e-07,-9.35700358379319e-05,3.53894253388273e-06,6.38633804442459e-05,4.14311038501132e-06,1.54102678981665e-06,-2.4134711469271e-05,-0.0686246499860189,0.0159630396811187,-0.000299240062202297,1.90294331471579e-05,0.181629074938211,-0.0593170232214354,0.00127599231766656,1.78710005004894e-15,0.00326500828944677,0.00218000915581937,-7.83037054775357e-13,-6.30244484776075e-06,-0.000214723459377397,9.99514629620136e-10,-2.69970309694344e-05,1.07477774377411e-07,-3.179099801855e-08,-7.36482686338261e-09,-1.44619610158853e-08,-8.86890410591902e-07,-4.91516905426535e-08,-4.89674645208407e-07,-1.1503769328184e-09,-9.41234541543268e-07,5.2237238227712e-07,-9.2859222886638e-20,-3.54046943609412e-16,0.00172783051547643,-7.72250814906617e-07,-3.33232782432366e-09,-1.27594214603677e-08,-2.3741201965943e-08,2.79967482005872e-06,4.41368048083486e-06,-9.47341500641408e-07,-4.65520215898047e-15,-9.30690936872688e-15,1.5585732024854e-07,5.42850232799173e-09,-0.707106781186548,-1.8516557048741e-16,2.03010261889012e-15,-6.68125067529262e-15,1.07332867417065e-08,-0.000114382834219322,-7.83592063306228e-11,1.95368432792664e-07,4.18540795578457e-16,4.78534261858215e-08,1.03523226823541e-12,-4.26105967730637e-15,-2.06828905204153e-16,8.45425372552021e-16,-6.79773702724675e-09,-2.39012643139488e-10,3.31098037087679e-07,-7.85561523854649e-08,1.23813112092304e-08,1.54862082367054e-16,-1.94653759970668e-16,-4.10819597827687e-17,9.25014455328989e-16,-8.32595676344616e-09,9.48576944593886e-18,1.0706786339767e-16,-5.87463488284127e-16,5.33857694748278e-16,-2.00060609630835e-16,-2.97860183642938e-16,6.57023786280456e-17,-2.45333617404265e-16
"t23",-0.078693911556476,-0.0296267158485435,0.016959458540657,0.106015728630443,-0.00352727202483661,0.20030810374789,0.0243406794234403,-0.0269298918363442,-0.000351824632915831,-0.00161914976152929,0.00609205585702482,0.180540576311926,0.0109573529107374,-0.00319937410888738,0.189443998766849,-0.00390565709082832,0.000643512522161743,-0.00169995145231167,0.00084716855474757,-0.00187164982373678,-7.35843490676561e-05,0.0051570726464182,5.45723543305137e-05,-0.000191037228980444,0.00693098370587431,-0.000353502170985174,-0.0166668301124018,0.0230568678295159,-0.0784563908486222,0.0456698880717765,0.14637425839746,-0.289401198840526,0.122771619285871,-0.00814600639065901,-0.549182706255099,-0.545235479722429,0.103728983748296,0.000362705558478685,-0.000277593648875876,-1.03275401646515e-05,0.00275427267587872,-2.02078861469703e-07,-0.00182515721405924,0.000584945951691306,-5.96809140117026e-05,-1.7348780673323e-05,-5.60896638982932e-06,0.0206370870107444,-3.39595376878921e-09,0.00571910750534526,0.000491308226030704,0.0795289030794629,-0.20331969087801,1.89672875875867e-05,1.12012973264865e-05,-3.95407323919541e-06,0.032655208609184,-6.31054367252318e-08,5.14376393669503e-07,-0.00217020146061164,-5.28780397498062e-05,-4.32707272755882e-05,-1.64774146895489e-06,-0.000200032586762638,7.18995733234458e-06,0.000123077487151002,7.34952214153186e-06,2.55556595302674e-06,-3.63036960174218e-05,-0.101612119874421,0.0227810443489639,-0.000419068803389797,2.58679404648903e-05,0.242869973895823,-0.0776401246051134,0.00163456340899024,3.11288017662613e-15,0.00353503282666962,0.00233171919004525,-8.34061233985211e-13,-6.06142623850925e-06,-0.000191813973956123,8.07424233140622e-10,-2.08365128203905e-05,6.99225587955273e-08,-9.17103738350827e-09,-2.719860640963e-10,2.32301724384376e-09,1.82228264975111e-07,1.05936618657415e-08,2.30101974140438e-07,6.60099795895923e-10,6.2528762996561e-07,-4.31410606415578e-07,2.94032722279281e-17,1.09248012632713e-15,-0.00211382750629303,1.03334361520324e-06,4.49278479041281e-09,1.94096781342724e-08,4.64497516459387e-08,-5.74828349078627e-06,-1.48294628576906e-05,3.21535864054867e-06,-4.2497494859006e-17,-1.87781081601651e-16,-1.01519525546229e-06,-3.62492275396724e-08,-4.43004183598725e-17,-1.87094247280651e-16,1.56309785187027e-16,7.85032966936459e-18,-2.18880996335634e-07,0.00236865873465313,1.73457466933028e-09,-9.70953335357738e-05,2.86249673634522e-16,3.1334892648901e-06,6.73681547639389e-11,-5.69601868737842e-16,-1.87706769904342e-16,-9.09230889381847e-17,-8.53455246048419e-08,-2.97685176721852e-09,4.05005426087337e-06,-8.7943427903907e-07,1.20764700805105e-07,1.19742794475912e-16,3.01959864124329e-17,4.71483429437756e-17,9.92477925775776e-17,-5.82504001505504e-08,1.41636461398235e-16,1.61454410209874e-17,-2.38434970304728e-16,1.73088305921691e-16,1.87644072043046e-16,-1.36475215610119e-16,5.11648791080978e-17,-1.01942060533525e-16
"t72",-0.079444834545675,-0.0300144245432402,0.017375471990361,0.110030338828972,-0.00371494270971813,0.212891818587794,0.0261695035182864,-0.0297431490034149,-0.000388880700404437,-0.00187898842384326,0.00711995578784802,0.225490289631507,0.0135353811987821,-0.00368363079876594,-0.394281373224957,-0.0102478569312282,0.0016300293042506,-0.00539783075195138,0.00271632003957512,-0.00706334090704067,-0.000391209539401221,0.0363257122965332,0.000669258189193502,0.00247270078445861,-0.0118865664427782,0.000540192453629618,0.00779996126983151,-0.0106480697152948,0.0234908922745646,-0.0125517873105586,-0.0236637853793826,0.0449199061536282,-0.0173036691737603,0.000263005735933995,0.01401299479586,0.00498688490993881,-0.000665301777958802,1.26969852082583e-05,-1.0634498680169e-05,-5.12168103171233e-07,0.000158339376579109,-1.21385350134297e-08,-0.000111358802499392,3.37334628180835e-05,-3.09923182029159e-06,-8.47707303428067e-07,-2.73327560479895e-07,0.000920263464397401,-1.49330658523875e-10,0.000164316065515941,6.37175577599238e-06,0.000538507801669745,-0.00030075669175913,-5.85917925992255e-07,-5.43351015565652e-07,4.42313379600012e-07,-0.0046101579639353,9.66601906248188e-09,-1.62879805331988e-07,0.00077158479675949,2.11753715473726e-05,2.5935095686649e-05,1.01500203310918e-06,0.000124721772456236,-5.22574164964879e-06,-0.000105886316458537,-8.57347558742643e-06,-4.14251030136237e-06,0.000169296565168488,0.770551256979483,0.216773028153134,-0.00158256964155765,4.17864943912134e-05,0.265968772117869,-0.0510573080224109,0.000583477833727475,6.24000902029601e-15,-0.00242873267700611,-0.00171251148012488,6.40158575109689e-13,6.7341497114212e-06,0.000260272640606407,-1.36831807512775e-09,3.86003529982372e-05,-1.74039593099987e-07,6.72555758014868e-08,1.79498758862227e-08,3.88466685615971e-08,2.43225368799348e-06,1.35417130830295e-07,1.50553480267118e-06,3.68729553704497e-09,3.12430311413814e-06,-1.8405717715185e-06,4.46299323946444e-16,2.35158418546509e-15,-0.00696145127932066,3.22470962928201e-06,1.39582205719419e-08,5.6278390078799e-08,1.18062542387625e-07,-1.4273801093756e-05,-3.00602417650994e-05,6.49482747776958e-06,-3.42254769651069e-16,-1.72743082340452e-16,-1.71639997127203e-06,-6.09755901638531e-08,-4.65675278011948e-16,-3.96869665781847e-17,2.96440269588457e-16,1.95926739211217e-16,-3.19306530881551e-07,0.00345163671565579,2.51607651657475e-09,-0.00013205020032131,3.03857167741501e-16,4.15145045083482e-06,8.92467680316275e-11,-3.17638472159336e-16,-9.07937122310976e-19,-2.69212844865297e-16,-1.02501125374575e-07,-3.57176107495798e-09,4.84866801107311e-06,-1.04082896368202e-06,1.40111771431752e-07,-5.39968473448447e-17,4.64399194752458e-17,3.64543651819866e-16,7.29526961716765e-16,-6.3673515202698e-08,1.33724200999149e-16,2.79737358413347e-16,9.67847475313843e-16,-7.47050876154593e-17,-3.7176127536932e-17,-8.82262791951244e-17,8.45001931606678e-17,-8.71741947866164e-17
"t136",-0.0798707099631289,-0.0302332173227118,0.0176066719632843,0.112224954412094,-0.00381576886821402,0.219584662016158,0.0271305396038162,-0.0311847554790037,-0.000407856818902097,-0.00200753036553052,0.00762655833897229,0.247530602059448,0.0151968820274529,-0.00415570547620803,-0.449741682633596,-0.0118117471626598,0.00188243588392902,-0.00645309313493858,0.00324932793041652,-0.00852391411504816,-0.000478205648045345,0.0447179994525075,0.000831052668476074,0.00313383238917267,-0.0158429087923031,0.000724216600444624,0.0113871258579255,-0.0155635842883188,0.0357586934416451,-0.0192663350979643,-0.0382478970355183,0.0728865851257884,-0.0283334101949765,0.000479838074174883,0.0258431530511234,0.00947667030066502,-0.00127144894977649,2.76054075454141e-05,-2.35150452959042e-05,-1.22418545683614e-06,0.000419006884677331,-3.45092076894064e-08,-0.000356568268469651,0.000131169074318843,-1.45572967436558e-05,-4.36183219916508e-06,-1.41187076760016e-06,0.00536935301748504,-8.87469283255898e-10,0.00162419160591157,0.000147888338681196,0.0243905910462269,-0.0632746607940348,6.34009489664609e-06,3.85974001834781e-06,-1.4814655000774e-06,0.0126148694796166,-2.4661227140766e-08,2.28057472852207e-07,-0.000986695190300456,-2.47196980707668e-05,-2.26779545395079e-05,-8.71531941361167e-07,-0.000106240420297749,4.03953926123324e-06,7.42633487736986e-05,5.19574768281447e-06,2.24217581920395e-06,-7.84676930651451e-05,-0.348625324578464,-0.0927790230388943,0.000658698452273616,-1.66543196265856e-05,-0.103529448064025,0.0192810534034601,-0.000213803727956319,-2.64614321980223e-15,0.0007129945784467,0.000495164170738763,-1.85333228338275e-13,-1.71376281584215e-06,-6.09011215444849e-05,2.87224201618458e-10,-7.72958228719258e-06,2.95277690829081e-08,-6.30384829926334e-09,-9.32357746129958e-10,-9.34445685760177e-10,-4.43780846250651e-08,-2.29758650707658e-09,1.90237314921142e-08,8.6158682510544e-11,1.00445184898768e-07,-8.58448751459018e-08,-1.70995037213636e-16,6.88778636053278e-16,-0.000535103030898486,2.72121891131683e-07,1.18685824346655e-09,5.37243387277453e-09,1.39240857318593e-08,-1.74582398326795e-06,-4.99861627847702e-06,1.08564321850413e-06,3.92592117497573e-17,-2.89693580823368e-16,-3.72155275849039e-07,-1.33189507710556e-08,1.28960718875206e-15,3.72431429662914e-16,-2.4919921777525e-16,-3.34048860949972e-16,-8.57507119745009e-08,0.000928429977983938,6.81312515966545e-10,-3.92876796700137e-05,2.38427963174651e-16,1.28365151211068e-06,2.75991788317962e-11,-7.32813324139341e-17,-1.16243861918867e-16,1.29250180676893e-16,-3.67031078138576e-08,-1.28085289302079e-09,1.74463629921615e-06,-3.81125137391641e-07,5.28981301428264e-08,1.34653697631528e-16,2.29588571658756e-15,-1.96493940964628e-15,0.707106781186547,-2.63980028442805e-08,1.5913305489143e-15,4.05568471802125e-16,-3.08960234222919e-16,-4.21704031886728e-16,-2.00690597055448e-16,3.2834368999282e-16,-1.80940169885328e-16,-8.18847862486796e-16
"t137",-0.0798707099631288,-0.0302332173227118,0.0176066719632843,0.112224954412094,-0.00381576886821401,0.219584662016158,0.0271305396038162,-0.0311847554790037,-0.000407856818902062,-0.00200753036553054,0.00762655833897234,0.247530602059448,0.0151968820274528,-0.00415570547620847,-0.449741682633595,-0.0118117471626602,0.001882435883929,-0.00645309313493843,0.00324932793041606,-0.00852391411504828,-0.000478205648045271,0.0447179994525081,0.000831052668476033,0.00313383238917256,-0.015842908792303,0.000724216600444678,0.0113871258579254,-0.0155635842883186,0.035758693441645,-0.0192663350979643,-0.0382478970355181,0.0728865851257884,-0.0283334101949763,0.000479838074174777,0.0258431530511236,0.00947667030066457,-0.00127144894977615,2.76054075455667e-05,-2.35150452962754e-05,-1.22418545684495e-06,0.000419006884676942,-3.45092079792297e-08,-0.000356568268469387,0.000131169074318704,-1.45572967438223e-05,-4.36183219852497e-06,-1.41187076744013e-06,0.00536935301748493,-8.87469359949649e-10,0.00162419160591171,0.0001478883386817,0.0243905910462267,-0.0632746607940349,6.34009489637409e-06,3.85974001803618e-06,-1.48146550020801e-06,0.012614869479616,-2.46612269874908e-08,2.28057472706077e-07,-0.000986695190300801,-2.47196980703374e-05,-2.26779545385531e-05,-8.71531942282051e-07,-0.000106240420297454,4.03953926070278e-06,7.42633487737033e-05,5.19574768315632e-06,2.24217581926627e-06,-7.84676930648095e-05,-0.348625324578462,-0.0927790230388934,0.000658698452273695,-1.66543196267932e-05,-0.103529448064025,0.0192810534034602,-0.000213803727956794,-2.58903119838527e-15,0.000712994578445911,0.0004951641707375,-1.85825115766213e-13,-1.71376281576577e-06,-6.09011215443218e-05,2.87223412526588e-10,-7.72958228737743e-06,2.95277689074842e-08,-6.30384818347055e-09,-9.32357694738775e-10,-9.34445826272778e-10,-4.43780849082587e-08,-2.29758638059085e-09,1.90237309711551e-08,8.61580415302196e-11,1.00445185155507e-07,-8.58448753193741e-08,-1.03546476381676e-16,3.92655879121184e-16,-0.000535103030898201,2.72121891492505e-07,1.18685762422448e-09,5.37243348506383e-09,1.39240856661567e-08,-1.74582398276835e-06,-4.99861627824977e-06,1.08564321850413e-06,2.31529324961865e-16,4.17342967639818e-16,-3.72155275281134e-07,-1.33189507994617e-08,-5.24528954480554e-16,-3.69286605531489e-16,7.34109437316891e-17,2.77292934763136e-16,-8.57507117613468e-08,0.000928429977984153,6.81312089522725e-10,-3.92876796700969e-05,-5.70873303193165e-16,1.28365151219395e-06,2.7598342687881e-11,-2.14833084578928e-16,2.15621654421403e-16,1.00842866659421e-16,-3.67031087137454e-08,-1.28085207613544e-09,1.74463629955181e-06,-3.81125136026685e-07,5.28981289616424e-08,-1.87189269317003e-16,-2.35306862376913e-15,1.54030184502657e-15,-0.707106781186549,-2.6397996655458e-08,-1.61844853350497e-15,-7.06297702435401e-16,-3.2037039146817e-16,4.84083585943065e-16,-1.83491421423058e-16,-4.52510691398689e-16,3.30372940720808e-17,2.92055294978688e-16
"t22",-0.079063154741509,-0.0298154513727475,0.017155712124433,0.107845116518857,-0.00360964846486062,0.205710245371236,0.0251048083291657,-0.028038794992865,-0.00036640815067502,-0.00171373247616863,0.00646402069375221,-0.271132340233197,0.0111374865749899,-0.00315443197361501,0.00450195107880109,-0.00533655138760508,0.000858156734913129,-0.0022089938213955,0.00110252064922731,-0.0025052897214709,-0.00010604939743064,0.0080217218537515,0.000103586045861925,-4.97351112716538e-05,0.00696890383891406,-0.000360145811123796,-0.0181464333914273,0.0251068987400246,-0.0850146435825624,0.0493225900324996,0.151163295999525,-0.297209301404716,0.124239497136745,-0.00328284939029691,-0.115961224651932,0.552910156248097,-0.161378986379179,0.000905313193146129,-0.000662830482239304,-2.21878519252467e-05,0.00565339764470643,-4.10381985681934e-07,-0.00369720511199093,0.00119812722119605,-0.000124150450786356,-3.63636656128862e-05,-1.17603355055751e-05,0.0436911065267198,-7.19977506942053e-09,0.0125235056537651,0.00110882209299921,0.181516767742454,-0.468428102746647,4.61138592356355e-05,2.79865114585582e-05,-1.08136429163074e-05,0.0928322752589791,-1.8218077858109e-07,1.79777052236043e-06,-0.00790728154195317,-0.00020188200237331,-0.000200577993911839,-7.7573616704044e-06,-0.000948324069672206,3.74662295602808e-05,0.000722706707921364,5.66506308302748e-05,3.04734372285171e-05,0.000310710964739647,0.080703732933485,-0.218269445361066,0.00162314550547043,-2.49117271473408e-05,-0.0176910264389075,-0.0603946402494075,0.00234255094862265,1.86578236066286e-15,0.0151551771697461,0.0103465545499586,5.15227783444915e-12,-3.43736351254573e-05,-0.00124769735157471,6.19582397868032e-09,-0.000171423171679642,7.33739036586868e-07,-2.62259985368525e-07,-6.98837376637796e-08,-1.56002443785046e-07,-9.8819162177256e-06,-5.51763347043279e-07,-6.84801364168614e-06,-1.80101771572521e-08,-1.6521285544413e-05,1.18745420456812e-05,1.27490292922312e-15,-9.79466876155954e-14,0.227266658345945,0.000177736087059094,6.1269267284897e-07,5.08440141525415e-07,2.78809422972048e-07,-2.76780264701348e-05,-7.86524770371097e-06,1.61437029663758e-06,-2.77207316834256e-16,-3.36209429163054e-16,1.52981707666122e-07,5.51355923070207e-09,-1.26919629078515e-15,1.89398483679526e-16,1.17477945046352e-16,-3.46975811569011e-16,-1.41330662108488e-06,0.0223253375439783,-2.13473665016165e-08,6.46590824738003e-05,1.93361150210505e-16,-1.66054758485214e-06,-3.56774947681778e-11,1.01589629075053e-15,9.06865628228675e-17,4.20501076687274e-17,2.10435835137565e-08,7.27159901384297e-10,-9.68149712683719e-07,1.86668058963402e-07,-2.01152047307274e-08,-1.68013729733645e-17,-6.20472026322072e-19,3.4614655914352e-17,-7.98911421825592e-17,1.85710992668209e-09,-1.27687002907535e-16,8.09683870758383e-17,-4.50212456253204e-17,-1.08647659252592e-16,3.44040733190092e-17,-1.58915992056432e-18,1.12698848077127e-18,-8.48903512136819e-17
"t28",-0.0792037424394629,-0.0298901465915803,0.0172428835434979,0.108760685157485,-0.00365620133238291,0.208981945429791,0.0256072108628328,-0.0289047108376933,-0.000377848676602789,-0.00180922760985234,0.00685099326738607,-0.301377591327348,0.0132088818672495,-0.00380630929923684,0.00568535377030885,-0.00709909946807179,0.00115403181642344,-0.00395147430516854,0.00198657733638984,-0.00508460376808031,-0.000273626617421648,0.0249476472459364,0.000448405556091084,0.00154734913999859,-0.00581687349243833,0.000254347202959416,0.000938422057614074,-0.001214997180216,-0.00297792993945042,0.00230975544087259,0.0146376126307014,-0.0295428776601917,0.0130378280955867,-0.000450735149794912,-0.0160481012759818,0.0775358161492379,-0.0226591117386787,0.000122398265610418,-8.86016156305021e-05,-2.78163821723749e-06,0.00063785626361712,-4.25262309253095e-08,-0.000327428511396333,7.88750339563993e-05,-5.79258559691223e-06,-1.39854006004389e-06,-4.48362298718593e-07,0.00123289926934599,-1.93075385721852e-10,-4.43409810862022e-05,-3.32810359028862e-05,-0.00718602796777569,0.0222389678067456,-4.21455542164029e-06,-3.16143112187668e-06,1.96283089372136e-06,-0.019459819951877,4.01877820401285e-08,-6.22636551671273e-07,0.00293371615452809,8.02477691952688e-05,9.88861787173766e-05,3.87570925694378e-06,0.000476573061345188,-2.02016950191692e-05,-0.000417683166939619,-3.62460237960276e-05,-2.10446224123631e-05,-0.000237399646472195,-0.0626140304761661,0.175340525573976,-0.00132659931387318,2.0906861824612e-05,0.0150601981018474,0.0523534233397743,-0.00206715110578062,-7.65735524924905e-16,-0.0151520721695054,-0.0104289234377364,1.14794377717313e-11,3.70216920743092e-05,0.00140073489422848,-7.32070849909877e-09,0.000206908084560605,-9.50514867157043e-07,4.15610315152341e-07,1.26318801259404e-07,3.11227005746467e-07,2.01500643124755e-05,1.1305913324802e-06,1.58225207335565e-05,4.36318665984585e-08,4.16800780769222e-05,-3.21509364129835e-05,-2.73246525407924e-15,3.12794405557969e-13,-0.726256504192384,-0.000594636134535087,-2.058090040079e-06,-1.82734523902252e-06,-1.17972501843333e-06,0.000121294832838126,5.37474915097841e-05,-1.11549052440318e-05,1.30018290238711e-16,2.03693130375385e-16,-2.90842493941995e-06,-1.11104625831341e-07,-1.27975161989254e-15,-1.99564828472635e-15,2.39762460328909e-15,-1.34697705716442e-15,-3.30108405887774e-05,0.51201550091202,-4.5505100769783e-07,0.000674079552485163,-2.63943032498261e-17,-1.41605525468425e-05,-3.040674657803e-10,-1.97245005589793e-15,3.43866462365546e-16,-2.73265187351645e-16,1.02178455080662e-07,3.51445271937699e-09,-4.63025897798862e-06,8.46396941394561e-07,-8.34748524455647e-08,-3.8877198880779e-17,-5.51707437210818e-16,-7.99142723482332e-18,1.99267680726517e-16,6.04836687781744e-09,-1.74848778961583e-16,-2.1344403081206e-16,-6.49980429903116e-16,2.94358746116997e-17,2.50460144261986e-16,-2.04368283252657e-16,-2.71171671399376e-16,1.59107626837897e-16
"t56",-0.0808688994855668,-0.0307480705338509,0.0181576374841294,0.117531260148142,-0.00406361269896799,0.236207476350848,0.0295493907596592,-0.0349332395030926,-0.00045724737944394,-0.00236690088378212,0.0090616983846704,-0.443984486534175,0.0215900199492075,-0.00636517790486135,0.0100298341162539,-0.013191754212106,0.00216568445598309,-0.00892451071907477,0.00450220055154933,-0.0121209687396581,-0.000704405689134534,0.067104705018707,0.00127528754932169,0.00506321061305738,-0.0290419364798984,0.0013475057838326,0.0266594421803709,-0.0365625678581583,0.0948862561296766,-0.0524777518821463,-0.123749334032456,0.239039817038487,-0.0959465319015234,0.00168170052830999,0.0573313643277247,-0.248622861517429,0.0713199236473566,-0.000279559347652156,0.000196091137734295,5.43292518382651e-06,-0.00109797363320886,6.81681527199138e-08,0.000477095556130736,-0.000102527788015089,6.95720369162101e-06,1.62945561264609e-06,5.21763711747343e-07,-0.00138619968154073,2.16066299270354e-10,4.52293931867132e-05,3.16639985227709e-05,0.00668029266644883,-0.0202971885777179,3.50632788474478e-06,2.52594557016933e-06,-1.40205826797937e-06,0.0133531923799268,-2.716838752167e-08,3.63387759676666e-07,-0.00167048788962775,-4.45549233629373e-05,-5.05818751688295e-05,-1.97217894869485e-06,-0.000241952500795082,9.97471474767733e-06,0.000200578109452118,1.67010797025862e-05,9.39679387822689e-06,0.000101644203047305,0.0266376896614378,-0.0735172151696147,0.000552215807331927,-8.6066847692392e-06,-0.00616281945067702,-0.0212613211227572,0.00083323529967988,-6.85173428820384e-15,0.00579522804620564,0.0039751499204717,-0.707106781181104,-1.37242096039029e-05,-0.000510320646373907,2.61077197986273e-09,-7.31375044478923e-05,3.2628078182979e-07,-1.31422185401902e-07,-3.79198854800035e-08,-8.99468496906586e-08,-5.77552056500643e-06,-3.23460566495928e-07,-4.32982534459531e-06,-1.17375373840409e-08,-1.10521860436363e-05,8.31808923463725e-06,2.05596278639252e-15,-7.79994904892921e-14,0.177821610740668,0.000143487384812457,4.95995825080587e-07,4.31278566864843e-07,2.65459067173325e-07,-2.70290023816344e-05,-1.07549225815892e-05,2.22692897020038e-06,-3.0919642451456e-16,-3.08897267685591e-16,5.00355647580354e-07,1.90108107489713e-08,-3.09183471352926e-16,3.66364386452539e-16,-9.33416263539785e-17,-6.80068521584807e-17,4.65150120652338e-06,-0.0720092304105906,6.3482677926073e-08,-8.24393905621834e-05,1.67030929577313e-16,1.6218765693677e-06,3.48184332919633e-11,1.09539229017538e-15,-2.7103944415495e-16,-1.38333783752643e-17,-8.20772471689379e-09,-2.8094571113968e-10,3.66036506075848e-07,-6.29474294561779e-08,5.49808722182833e-09,9.84637132431994e-17,1.39743143128394e-16,1.60411053635718e-17,5.81609685567184e-16,-2.23208116703275e-10,-9.56750524661639e-19,2.83298905977533e-17,-1.10270528061143e-16,1.39549494494706e-17,-2.11481593577399e-16,-1.26645924562953e-16,1.57089714007324e-16,-1.11914334020119e-16
"t135",-0.0808688994855332,-0.0307480705338335,0.0181576374841107,0.117531260147962,-0.00406361269895956,0.236207476350283,0.0295493907595769,-0.0349332395029653,-0.000457247379442278,-0.00236690088377012,0.00906169838462279,-0.443984486531031,0.0215900199490189,-0.00636517790480338,0.010029834116155,-0.0131917542119659,0.00216568445595959,-0.00892451071895681,0.00450220055148937,-0.0121209687394897,-0.000704405689123827,0.0671047050176817,0.00127528754930151,0.00506321061296969,-0.0290419364792997,0.00134750578380415,0.0266594421796657,-0.0365625678571888,0.0948862561269276,-0.0524777518805999,-0.123749334028434,0.239039817030664,-0.0959465318983335,0.00168170052824426,0.0573313643254455,-0.248622861507157,0.0713199236443891,-0.000279559347637917,0.000196091137723842,5.43292518299866e-06,-0.00109797363314784,6.81681529303904e-08,0.000477095556099628,-0.000102527788008039,6.95720368984465e-06,1.62945561243792e-06,5.21763711680556e-07,-0.00138619968143132,2.16066003559293e-10,4.52293931814673e-05,3.1663998520795e-05,0.00668029266579789,-0.0202971885756941,3.50632788410297e-06,2.52594556949271e-06,-1.40205826883003e-06,0.0133531923778831,-2.71683876552774e-08,3.63387759118268e-07,-0.00167048788924385,-4.45549233519426e-05,-5.05818751527795e-05,-1.97217894765462e-06,-0.000241952500712677,9.97471474230797e-06,0.000200578109370043,1.67010796943314e-05,9.39679386853293e-06,0.000101644202961154,0.0266376896378902,-0.0735172150946767,0.000552215806699805,-8.6066847075697e-06,-0.00616281944225024,-0.0212613210901905,0.000833235298220519,7.68761189968986e-15,0.00579522792477456,0.00397514963220878,0.707106781191993,-1.37242096596808e-05,-0.000510320647554074,2.61076717097569e-09,-7.3137504546282e-05,3.26280774024402e-07,-1.31422186283115e-07,-3.79198851500808e-08,-8.99468494154881e-08,-5.77552056547166e-06,-3.23460564395483e-07,-4.32982534596528e-06,-1.17375341831101e-08,-1.10521860463304e-05,8.31808923823334e-06,-4.44228881044587e-16,-7.52413436963308e-14,0.177821610785923,0.000143487384848262,4.95995825471225e-07,4.31278563836884e-07,2.65459068067358e-07,-2.70290023874353e-05,-1.07549225818356e-05,2.22692897117183e-06,1.62899463676838e-18,1.03641477534139e-16,5.00355647340528e-07,1.90108106565973e-08,6.35234182859281e-16,3.94131104177818e-16,-5.99801531315807e-16,3.95034809849834e-16,4.65150120723115e-06,-0.0720092304200924,6.3482677969143e-08,-8.24393905709542e-05,3.77089158367911e-17,1.62187657008761e-06,3.4818848764165e-11,-4.97098442078235e-16,1.02972836784567e-16,7.82819796581343e-17,-8.20772446188944e-09,-2.80945305810697e-10,3.66036505883294e-07,-6.29474295487688e-08,5.49808738158552e-09,-1.08060853651258e-16,1.87992786802375e-16,5.87971163544945e-17,-1.91781841915636e-16,-2.23207806621453e-10,9.17933785545339e-17,-2.82750648560201e-17,2.82282304723001e-16,1.18927249735466e-16,-1.16193323982259e-16,2.25676264114807e-17,4.88800799583262e-17,-4.68012556533867e-16
"t19",-0.077174486047644,-0.0288476696910033,0.0161413592011134,0.0983036468932993,-0.0031756136945677,0.177069677800026,0.0210222202758822,-0.0220125570145596,-0.000287118959372426,-0.00118977852633984,0.00440503914710257,-0.149449918462342,0.00458786769283924,-0.00119395359598531,0.00132648335177475,-0.00108650140716327,0.000158758403997511,0.000675064008611614,-0.000351438578469809,0.00136106526383623,0.000112652470566552,-0.0124094502582338,-0.000273647123086432,-0.0014167674766698,0.0120665735150802,-0.000578217831853897,-0.0155424292614414,0.0213747544866759,-0.0599126373143986,0.0335400751941836,0.0833757913032453,-0.161461464236676,0.0651476779565349,-0.00113215994727511,-0.0382989739136418,0.161451123847409,-0.0460138815738446,0.000137089855704195,-9.05400548468702e-05,-1.64977832627014e-06,3.09896931556253e-05,1.48795175987284e-08,0.000353791918273644,-0.000206765488742537,2.85274423888274e-05,9.18819058682218e-06,2.98233789830125e-06,-0.0122415399812373,2.04374595484236e-09,-0.00449832938204103,-0.000464912206182791,-0.0798604448637047,0.21389305690633,-2.50819667594738e-05,-1.63394864462034e-05,7.57231348823977e-06,-0.0690710584269516,1.38562475982607e-07,-1.67370365074861e-06,0.00759718443284228,0.00020018271883604,0.000219299625595379,8.53215041498272e-06,0.00104576628768143,-4.2627565218915e-05,-0.000847599251144094,-6.93897097097699e-05,-3.85247097290272e-05,-0.000408925490675167,-0.106843843168716,0.29281626293722,-0.00219160861086296,3.39664757432335e-05,0.0242465842730966,0.0833148251916007,-0.00325202311627731,-2.77325398629777e-17,-0.0219316808083669,-0.0150108500712727,-2.35267782000719e-11,5.0862236646262e-05,0.001867488440585,-9.39609042763779e-09,0.000261300968889437,-1.13579532286419e-06,4.17515516930745e-07,1.1151834140681e-07,2.4673879248701e-07,1.55761701173098e-05,8.68973828102527e-07,1.04581639557805e-05,2.70090660625623e-08,2.43156725571181e-05,-1.6776860699938e-05,-1.62847850098464e-15,1.19024613664233e-13,-0.276378175451838,-0.000203549158161981,-6.97642994530203e-07,-5.17887511720808e-07,-1.80745424450425e-07,1.52857929657697e-05,-1.02342816560921e-05,2.20418307313869e-06,1.02603454102678e-15,1.03769870973517e-15,2.02380910586659e-06,7.95023554209847e-08,3.41884146213034e-15,1.47060394419055e-15,-3.36587638751288e-15,3.13900265696682e-15,5.00576753319792e-05,-0.781000117336783,7.11406849333412e-07,-0.0015153042670657,-8.6867289622726e-16,3.74213057390532e-05,8.03968360007692e-10,1.13742839348374e-15,-4.24909158960448e-16,1.34127962855232e-16,-5.87878680454595e-07,-2.04265636967352e-08,2.75500998777566e-05,-5.72695538701229e-06,7.32590787787214e-07,1.38997245895769e-16,2.80467322459098e-16,-4.22433069376515e-16,-4.24065821336081e-17,-2.9272146542461e-07,2.82606506060377e-16,3.16641480084706e-16,3.70727934090833e-16,3.28424739174094e-17,-4.50013105471465e-16,-1.73848303662402e-16,-1.75559569660567e-16,-7.69438775156523e-17
"t15",-0.0760628680969859,-0.0282768399459171,0.0155389991151392,0.0925941845664549,-0.00291368548608213,0.159696424447453,0.0185296868833368,-0.018278449156403,-0.000237967259193832,-0.000856313509842021,0.0030895697245635,-0.0685586604266258,4.75741616804317e-05,0.000178352157222717,-0.000949204434514142,0.00203300123218786,-0.000356990928412487,0.00301495197474352,-0.00153333550707344,0.00459641516893172,0.000304405095556,-0.0308341774448629,-0.000626801505636326,-0.00283555166971032,0.0200715051548983,-0.000947424191362832,-0.0215698053150958,0.0296055201753818,-0.0776695746689441,0.0428938517928962,0.0975634933459552,-0.187587636420807,0.0744002229798089,-0.000981091330575745,-0.0318885188936779,0.117649555622903,-0.0325440212713631,-1.06612551336316e-05,2.32933574214125e-05,2.94185889509915e-06,-0.00135319116275972,1.24578056819297e-07,0.0014581350902859,-0.000612102678254803,7.41021962446936e-05,2.29500443746501e-05,7.43837762445711e-06,-0.0293674372781165,4.87884075079630e-09,-0.00988451290380489,-0.000973110243003124,-0.164789004731026,0.436642174803634,-4.88149126193394e-05,-3.12285461542475e-05,1.38478931725195e-05,-0.124539724636727,2.48570279952522e-07,-2.86494616485872e-06,0.0129063401471392,0.000337451459103964,0.000360304565989026,1.39945496155418e-05,0.0017140069795907,-6.92281030057773e-05,-0.00136348937127213,-0.000109963636869752,-6.03062312925541e-05,-0.00062870257902062,-0.163784941330421,0.445777363820321,-0.00332461184984441,5.12363449267507e-05,0.0364600497633976,0.124771338451832,-0.00485009835044549,-4.3692258162201e-15,-0.0316511904915455,-0.0216109075386704,-5.44328867463831e-11,7.16848231252809e-05,0.00259305422982341,-1.27829193875884e-08,0.000352206624047845,-1.47889320676231e-06,4.69080298719834e-07,1.05661042314881e-07,1.88881880794009e-07,1.11744693776757e-05,6.13687919007866e-07,3.83576623523823e-06,5.12228730340913e-09,2.90846845801829e-07,6.24880416656703e-06,6.53123519591582e-16,-2.2517300883322e-13,0.524669242282292,0.000527091324711182,1.85481092821621e-06,2.12436974407655e-06,2.25945453807049e-06,-0.000255570635531582,-0.000378346542995536,8.14310218721741e-05,-4.37108870947394e-16,-4.9352204129678e-16,-1.9251806288012e-05,-6.84219787856462e-07,-1.31296772017669e-15,-1.44150221198326e-16,1.27877397979703e-15,-1.46920305205419e-15,-2.27847594594221e-05,0.340797534005309,-2.56323990005145e-07,-0.00060113941571871,4.19774471034037e-16,2.21481064891192e-05,4.76278361810083e-10,-8.0491638879428e-16,1.79093386010449e-16,1.69910692585119e-16,-6.06721296803753e-07,-2.11393973957585e-08,2.86880261847755e-05,-6.14353603823909e-06,8.21255681142949e-07,-2.35419904940054e-16,7.51624119651375e-17,2.27215604103489e-16,3.40350461032378e-16,-3.59550327853723e-07,-7.57371470383358e-17,-1.37335426623633e-16,-5.13523909082391e-16,-1.52078732212308e-17,-1.03520456592103e-16,7.34595815656478e-17,8.57924076392435e-17,-4.67709036247427e-16
"t10",-0.0734368725959779,-0.0269315135240092,0.0141297050650646,0.0793437484228383,-0.00231112244063879,0.119939194098017,0.0128626573555383,-0.00991123472425036,-0.000127875569346505,-0.000127938332094747,0.000226812212355163,0.000348391446960847,-0.00928751044971324,0.00297715959283647,-0.00255222610296088,0.00821566610628532,-0.00137581277140414,0.00738506092770355,-0.00373848391399778,0.0105441551696339,0.000649133034876921,-0.0635408053457161,-0.00124374259688628,-0.00521705023901631,0.0320207219086909,-0.0014897746700506,-0.0277305242033404,0.0379495766464319,-0.0893545791953284,0.0481440932934044,0.0907286046508274,-0.171393287415046,0.0650358551646264,8.38277150604408e-05,0.021498551890067,0.0220856491077109,-0.000804808319867567,-0.000312520363983204,0.000249513151807971,1.11116811287609e-05,-0.00354423947350332,2.86301897729935e-07,0.00292367490088807,-0.00107523929705967,0.000119927669502806,3.6024399292814e-05,1.16618528866953e-05,-0.044484018434054,7.35556003377107e-09,-0.0135625280732776,-0.001238538895775,-0.204271334998155,0.529692913637771,-5.25011983698256e-05,-3.16050562129682e-05,1.13342060705645e-05,-0.0922054454694677,1.76447704492266e-07,-9.99610858028367e-07,0.0035373294272624,6.47053473555831e-05,-4.54027026877945e-05,-2.09065410543507e-06,-0.000273897147896884,2.03270339183439e-05,0.000603157535937369,7.66061135069175e-05,5.55066667427221e-05,0.000761209170354641,0.0894705108312283,-0.667488492115214,0.00507112610094693,-7.1601148198547e-05,0.102530008515854,-0.295130978644034,0.0110343108264894,7.25422930662834e-15,0.0971031338673448,0.067890007689926,6.50787862881996e-11,-0.000274938119473647,-0.0113369117804296,6.61842907829626e-08,-0.0019625420469095,1.06850250755379e-05,-9.18484009846668e-06,-8.01772444875525e-06,3.18279585193836e-05,0.00124606737503304,6.40681478473014e-05,0.000252719158107483,4.96154705575285e-07,0.000358995738368825,-0.000166427009742232,1.11674366571915e-15,3.15462059664776e-14,-0.0749430373103085,0.000579897089358961,2.19459424475872e-06,4.64601280406561e-06,7.05381483986326e-06,-0.000818617186623405,-0.00126023316971727,0.000270884392068379,-7.88112423068724e-17,-3.5708516842958e-16,-5.49953818589545e-05,-1.93844552542465e-06,-6.04916638430789e-16,2.45358027819355e-17,1.94479761355511e-16,-3.03755117688351e-17,-4.32378117718943e-06,0.0279845989950187,1.19250805778249e-07,-0.00315093303043157,-8.29763783097557e-16,9.42278177739203e-05,2.02536744322053e-09,5.64016903456958e-16,1.23420100652707e-16,4.64655568360455e-17,-1.94455031831894e-06,-6.76366504864237e-08,9.14358731755396e-05,-1.92074022925441e-05,2.48876442057863e-06,-1.016028611915e-16,-1.21641080822351e-16,1.37188885870855e-16,-3.60663467212121e-16,-1.00249771251123e-06,-9.28078208023082e-18,-9.20462044332723e-17,-3.28301456285585e-16,-1.25292881539601e-16,2.89447889701484e-17,-2.57596404827735e-16,2.95199114311646e-18,-3.6163353645953e-16
"t6",-0.0715180186730726,-0.0259971776739664,0.0134204096231064,0.0811010030466707,0.0304978586831282,-0.0154887043602624,-2.36395854714077e-05,0.00507429063526123,6.87237176166564e-05,0.00108916056229538,-0.00455463608974037,0.000155616997160385,-0.0268343986665654,0.00833476128000653,-0.0013848532161479,0.0213235493994049,-0.00355776525259766,0.0192776095207906,-0.0097729902202143,0.0283372975667543,0.0018723904455133,-0.195387978573481,-0.00433574651213909,-0.0927771752219105,0.0376194236345869,-0.00186158874381932,-0.0434095174216403,0.0594081170035443,-0.135080105477964,0.0714852388845857,0.0995960252864952,-0.178996396630187,0.0583570336730573,0.00664026073825418,0.433189520664865,-0.175191425671584,0.10617919786283,-0.00593997123880123,0.00566641195090235,-0.00173748503488236,0.0392259459544835,-1.80710801128845e-06,-0.0102354294931735,0.0020056205321252,-0.000135911294946129,-2.96992816911372e-05,-9.43457461874506e-06,-0.0598146349277967,4.56055135244252e-07,0.00807860568369084,0.000399356364008539,0.0511582949402362,-0.104779777954352,-1.15595221770976e-06,-3.16294320941093e-06,3.15330832497857e-06,-0.0306499247847333,6.20618278900555e-08,-5.5936941412019e-07,0.00219895098616979,4.73124054551438e-05,0.000135517311095219,-1.72854652600695e-09,-7.71956142377243e-06,4.16386071799501e-06,0.000161962682873263,2.24591411553244e-05,1.53206309685823e-05,0.000146358138569302,0.00794349282413033,-0.0752317063592401,0.0003499368154459,3.27053675124075e-06,0.0345483638101818,0.0204802191458976,-0.00198532288276043,-9.13382262342114e-15,-0.506110225225252,-0.583558083552611,-1.58559515176212e-10,-0.000916258555207485,-0.0249290079663376,1.12699371237764e-07,-0.00311655431379821,1.452959594269e-05,-1.0391847445571e-05,-8.64396298023431e-06,3.35641850332637e-05,0.00130926785458748,0.00192419269586676,0.000260626739655736,5.08610534409191e-07,0.000366076776908024,-0.000167840464371349,2.78008584356716e-15,-1.06791881077066e-15,-0.00208853797898257,0.000654750854538505,2.45802385581299e-06,4.94161972981353e-06,7.33956700498103e-06,-0.000850321433860074,-0.00130084558491162,0.000279608366391924,-4.37929196221576e-16,4.25604273933381e-17,-0.000613508069497861,-2.00282024910803e-06,-3.20094237762018e-17,-2.82978657446774e-16,-1.18442769595019e-17,3.16592452488439e-16,-2.76349783233376e-06,0.00195975421760204,1.49184190946527e-07,-0.00335749087904441,-5.43442839293391e-16,0.000100388387947393,2.15779028528932e-09,9.51051713756202e-16,-1.07967856980769e-16,-1.18910246673004e-16,-2.09034698674809e-06,-7.27173463875271e-08,9.83338342161327e-05,-0.000161118641088272,2.68885157669418e-06,-2.52643104712698e-16,1.84607934549267e-16,3.84257924146591e-17,9.81374200757734e-16,-1.09463806917897e-06,-7.45309478674438e-17,-5.75212638186516e-18,-1.71751767241782e-16,8.87402147166821e-17,-1.41688493486605e-16,-1.44822749763485e-16,-2.72005962533784e-16,-9.74699871743669e-17
"t7",-0.0716803055061956,-0.0260773142765249,0.0134956794230404,0.081780423455836,0.0308441939943405,-0.015691979716099,-2.40009864329941e-05,0.00517604610162333,7.0110938243649e-05,0.00111966887273366,-0.00468714092783069,0.000161751679155979,-0.0281461491373831,0.00875896521010603,-0.00146173113439915,0.0226001876392516,-0.00377365600150464,0.0207252684073666,-0.0105093641745514,0.0305758350200079,0.00203026533500143,-0.212432651940605,-0.004729510388153,-0.101983675551989,0.0421277553771243,-0.00208911368240476,-0.0502036878897768,0.0687344495275273,-0.158459273787022,0.0840914846804353,0.11916557970537,-0.21443594440872,0.0701161307895568,0.00825024613462239,0.539953441854247,-0.220301789706025,0.133738904127933,-0.00775459052698282,0.00743051853256588,-0.00232414677773653,0.0537643011182581,-2.51706101915977e-06,-0.0146151817379947,0.00296858205262579,-0.000207279071168992,-4.588008811533e-05,-1.45824021638291e-05,-0.0939074254024883,7.17587419675418e-07,0.0133506013493987,0.000690159150639469,0.0899024977706461,-0.186736323189918,-2.23835001886058e-06,-6.40185321206611e-06,7.49888551885537e-06,-0.0787830298837733,1.64824433533112e-07,-2.5165663834126e-06,0.0116150621394739,0.000309583486255179,0.0130120160892568,1.30444701666524e-05,0.00159797973696253,-6.37060596391245e-05,-0.00121869690154871,-9.01259124165498e-05,-4.33523071777309e-05,-0.000281173097514061,-0.0144586962344938,0.121536068274194,-0.0005336116647721,-4.57125007545634e-06,-0.0461072204104568,-0.025787665183611,0.00236210135098234,7.04856983639192e-15,0.407826778879939,0.458482197639304,1.23301186992684e-10,0.000584587785058059,0.013920177690255,-5.3113348676137e-08,0.00136541773709722,-4.92953247427244e-06,1.33066536568823e-06,2.48631455984291e-07,1.07291458630292e-06,5.77506624385949e-05,8.99753666370696e-05,2.76120781111109e-05,6.42975704030291e-08,5.22788320872075e-05,-2.83910134373407e-05,-2.44398648959296e-15,1.60129876394147e-15,-0.000462578899216263,0.000153200248611753,5.77738004023651e-07,1.24544034226545e-06,2.10939431402395e-06,-0.000250072040762786,-0.000465997132322067,0.000100501720120577,1.45875087643048e-16,6.34682362132631e-17,-0.000261018266836735,-8.56179937683711e-07,-9.55576902526634e-17,2.37303176016203e-16,6.35732224295704e-17,-1.52361860371363e-16,-1.34865064882635e-06,0.000957376442101531,7.31886051137663e-08,-0.00174796546261763,-2.49072321557264e-16,5.35377576709392e-05,1.15085124674048e-09,2.55812433234899e-16,8.7846361506755e-17,-6.35301894385571e-17,-1.22021483750859e-06,-4.2486042806599e-08,5.7570666494984e-05,-9.53351170661643e-05,1.62061653742281e-06,2.31942460275819e-16,-1.23229970957994e-16,-4.58675268171937e-19,-4.70782396267042e-16,-6.97532935641388e-07,1.74413820778541e-16,4.23605540751214e-17,2.58779441252808e-16,-2.66961086757906e-17,-1.06379562231329e-16,3.23769396581192e-17,2.81323739274303e-16,-2.63236294716921e-16
"t48",-0.083185094381772,-0.0321707698285716,0.0208825922860837,0.179550417885124,0.130682472549278,-0.160328029950444,0.000299166911300325,-0.0100747049748093,-0.000133104077435836,-0.000792629692817572,0.00300868307273504,-4.71338271883592e-05,0.00405164247298137,-0.00105808426485278,0.000107813742920126,-0.000782590230942515,0.00010455795187711,0.00191454644804633,-0.000994892639472804,0.00397022676360476,0.000390328365388444,-0.0501578452433689,-0.00145020367708587,-0.0693258020008742,-0.0201429238759909,0.000829419013766923,0.00403569515031285,-0.00541875379700285,0.0058617521021537,-0.00255060024130283,0.000340079658137829,-0.00105768909940614,0.000675863906489459,0.000445794837165671,0.031178580846998,-0.0149087806235042,0.00929446083612093,-0.000847030906367896,0.000850178289383045,-0.0003235046592164,0.00944221568188609,-5.18288859794459e-07,-0.00395020224104906,0.00135411382609127,-0.0002059933410056,-9.08842109830395e-05,-3.01090880000386e-05,0.753687237996759,-3.39604610912887e-06,-0.00619630704517679,-0.00017183173761956,-0.0189456013857873,0.0347562342092152,2.36817701940802e-07,5.35774394049178e-07,-3.14553051930225e-07,0.00247288140458755,-4.5960585255791e-09,7.70658479729274e-09,-8.54753087368987e-06,2.01159509378816e-07,-0.573542557962203,1.958749755805e-06,0.000176112103233587,-2.60834535822235e-06,-4.23929476600854e-05,-3.02607252068363e-06,-1.47579302822937e-06,-9.83493876841306e-06,-0.000507668835120052,0.00430072684158592,-1.89455370107165e-05,-1.62994115950166e-07,-0.0016470266882005,-0.000922836238094922,8.46266454256515e-05,1.09070137948154e-15,0.0143967583031124,0.0161407873638942,4.33593683490276e-12,1.98973251171034e-05,0.000457739963642539,-1.63955832596945e-09,4.06748672939208e-05,-1.22356916874497e-07,-2.66579147272308e-08,-7.33818719790905e-08,4.40872274510423e-07,2.42955015076901e-05,0.0311419792139644,4.40190974171535e-06,9.3687611008985e-09,7.19428845641357e-06,-3.63673077746762e-06,-5.20896966908941e-16,4.06812538910556e-16,-5.39953807026363e-05,1.76099421248244e-05,6.63293228059594e-08,1.40509295574499e-07,2.31717175146911e-07,-2.73668543889771e-05,-4.99926139783183e-05,1.0780594727644e-05,2.55196694585628e-16,5.87039086014399e-16,-0.00821468878499098,-8.90384342219427e-08,-4.55498806185883e-16,-2.10750077942097e-16,-3.13215010167078e-16,-7.77940426455045e-17,-1.47912553769133e-07,0.00010502457958397,8.03683528969169e-09,-0.000195070466040892,1.84239763063695e-17,6.02169790987414e-06,1.2944587687327e-10,-4.57437209154118e-16,1.23220084795054e-16,1.06725813176339e-16,-1.42495738979231e-07,-4.96380001848134e-09,6.73348574216359e-06,-0.00177705398250774,1.92325576880981e-07,-5.62698718699487e-17,-1.98711501164368e-16,1.73134322832974e-16,-5.10988446315047e-16,-8.56975252831217e-08,4.09712882715862e-17,3.27320222646726e-17,-7.16213628775648e-16,-9.88162976198072e-17,-1.51897863926268e-16,-3.2348869916676e-16,6.01780347611318e-17,-1.43085439513102e-16
"t74",-0.0849230120528277,-0.0330957942077262,0.0220216414488895,0.194896403793734,0.146667495094376,-0.183769627981294,0.00035235386275901,-0.012675635208763,-0.000167796841862497,-0.0011409302748708,0.00442394380382045,-8.96815099715368e-05,0.0114038505489828,-0.00336252100099543,0.000502486163745264,-0.0071083601221914,0.00116921873202133,-0.00533018532003251,0.00269803820649445,-0.00770528743058818,-0.000512391206119813,0.0546922360759569,0.00128124176237571,0.0390094908083671,0.00370371793519048,-0.000130429145891245,0.000307989020171449,-0.00042464598535924,0.000807453008163705,-0.000377063451631882,6.78550300270281e-05,-0.000214495558748945,0.000142059428317569,0.000123309532586203,0.00878182186534515,-0.00439305088170063,0.00276006188378902,-0.000287495661770679,0.000292369655257828,-0.000117193808382659,0.00360665009956428,-2.04052961391281e-07,-0.00162077593359478,0.000584867001978309,-9.2374446393706e-05,-4.13724129602533e-05,-1.37145657302016e-05,0.349376543770878,-1.57810218513837e-06,-0.0030299882264864,-8.7721326058849e-05,-0.009823324807498,0.0182543437137729,1.33922195298241e-07,3.14969258366179e-07,-2.13518823746863e-07,0.00180590038458574,-3.46482662803061e-09,1.12812657377076e-08,-1.69165784350625e-05,7.08993511730005e-07,0.591210320702659,-1.78029010683921e-06,-0.00015174682638365,1.2425304898641e-06,1.14857559185035e-05,2.94230649066328e-07,2.30485236525808e-08,-5.744358306135e-07,-3.41654425550821e-05,0.00036867513510247,-1.78158658543405e-06,-1.72526148032753e-08,-0.000184078920825954,-0.000109694923016879,1.06141389225357e-05,-1.51831531781166e-16,0.00232093799776223,0.0026309336911407,7.11064159995643e-13,3.48878433158693e-06,8.28991089141529e-05,-3.05127138710419e-10,7.62695266851975e-06,-2.30995858552241e-08,-3.90476301466436e-09,9.07442588085616e-10,-5.21152836576583e-07,-0.000144705048991178,-0.640924154167126,3.20793395346955e-06,5.86378057416438e-09,4.14898574441214e-06,-1.91765044978143e-06,2.95545960960201e-15,-4.64201296577142e-16,-2.58343110957539e-05,8.30815907348903e-06,3.12597710251661e-08,6.52275322526354e-08,1.05350593140375e-07,-1.24097205781298e-05,-2.24915668689055e-05,4.85098622293734e-06,-1.40307609881191e-17,1.16013512740686e-15,-0.0534299910116617,-2.10468182985923e-08,-2.87219895107475e-16,-2.50339062658446e-16,-4.85270097086499e-16,-9.03483821330971e-17,-6.58308675267373e-08,4.67553217702379e-05,3.58181072597345e-09,-8.82140692850947e-05,3.54127229894655e-16,2.73934467033554e-06,5.88882922002723e-11,1.80090128367184e-16,-6.47043862669103e-17,-9.18450346289918e-17,-6.65684219969265e-08,-2.31990573431283e-09,3.1504705563512e-06,-0.00642173024861628,9.03872588026156e-08,3.97704527824109e-16,1.28280046753453e-16,-2.72501031121465e-16,7.00894336456007e-16,-4.11349980683831e-08,-2.58305376687784e-16,3.29947974337907e-16,7.48486697046638e-16,1.53962771569716e-16,-1.2791636064511e-16,-1.44684950618363e-17,-3.60459936084701e-19,-9.69563932779456e-17
"t86",-0.0854496983072015,-0.0333761492533709,0.0223669443987731,0.19954978332875,0.151516085426799,-0.190881233750586,0.000368493107851305,-0.0134652755325139,-0.000178329690565812,-0.00124677005397626,0.00485406108918003,-0.000102628956980732,0.0136440004316843,-0.00406485900498228,0.000622852399221081,-0.00903881521511483,0.00149416406709539,-0.00754635217989507,0.00382775413796397,-0.0112791348841147,-0.000788960713699948,0.0868317690635928,0.00211903571110387,0.0722890328138516,0.0110585140876877,-0.000426609745387917,-0.000850937892555869,0.00112817096515162,-0.000770145548389598,0.000301911020023592,-1.76225707691753e-05,5.03692705793872e-05,-2.57764569156896e-05,2.07375435698954e-05,0.00164964864444653,-0.0010331338633507,0.000670905752321495,-0.000105923039672367,0.000110997233212289,-4.948904550533e-05,0.00166813329343328,-9.87671707971068e-08,-0.000829200922040091,0.000317558650273992,-5.20767302846792e-05,-2.36475289263328e-05,-7.84315883830062e-06,0.202861679707409,-9.18179181858589e-07,-0.00183290041064751,-5.45606238404675e-05,-0.00616529866169728,0.0115383817668176,8.76713093744784e-08,2.09322977816952e-07,-1.4794455746289e-07,0.00127041328647027,-2.45135873509439e-09,8.47016382230412e-09,-1.28399648373252e-05,5.44365364827365e-07,0.472881546774898,-1.42800337271833e-06,-0.000121871426849318,1.01374915683803e-06,9.53010716217528e-06,2.50950036305755e-07,2.01240560298037e-08,-5.19763866166839e-07,-3.10986523426007e-05,0.000340372703036736,-1.65700019681822e-06,-1.62369335232206e-08,-0.000174393822179983,-0.000104832047954107,1.02341535728367e-05,-1.06245036640001e-15,0.00240857676980222,0.00274566089218605,7.41298170037989e-13,3.83047798791015e-06,9.44637068106721e-05,-3.66785797484481e-10,9.39911926181687e-06,-3.14588073496736e-08,-9.82700382852285e-09,-4.27610220584581e-08,8.56239989372633e-07,0.000180014506827306,0.751943004819097,-9.57726514578184e-07,-8.62434027255996e-10,-2.11539333427597e-07,-1.36905234161691e-07,-3.83030355443918e-15,1.79364653155702e-15,-6.24517627682519e-06,2.26961803409943e-06,8.61904879512197e-09,2.04992894943957e-08,4.04259973276296e-08,-4.9099078054764e-06,-1.13384243518445e-05,2.45625977772046e-06,9.48994596577658e-16,1.52465068391466e-15,-0.201592881701529,5.38944486106445e-08,2.94370376598824e-15,8.60010558841392e-16,1.00548742963423e-15,-4.16568786953648e-16,-3.42317297271158e-08,2.43485877114694e-05,1.87657268335576e-09,-4.94408705291829e-05,-3.90030210957392e-16,1.5691680720101e-06,3.37344778374609e-11,-1.3633300217919e-15,-2.41969011534713e-16,2.76080838189752e-16,-4.10370732641585e-08,-1.43162150137144e-09,1.94927285346427e-06,-0.01286655014712,5.63275157438082e-08,-5.89414531798408e-16,5.3090974417048e-16,6.98243244832717e-17,1.96999534740616e-16,-2.66428492375866e-08,1.60641774834975e-16,-2.9719850487721e-16,-1.13612698621809e-15,-9.52281281947172e-17,-3.64964082284786e-16,-2.2020489389652e-16,-1.92096109951536e-16,-4.1096153849558e-16
"t113",-0.086271992465836,-0.0338141607778266,0.022907589109848,0.20685274173846,0.159144515597987,-0.202086722515881,0.000393969073675515,-0.0147166627767727,-0.00019502350719705,-0.00141559570789129,0.00554074538815483,-0.000123471436271699,0.0172770496679399,-0.00520568529197491,0.000819064699089891,-0.0121962125456168,0.00202596400571003,-0.0112127420775539,0.00569708687308611,-0.0172086852149569,-0.00124962008202696,0.140477438919566,0.00352105727111602,0.128316579587211,0.0236191984968966,-0.00093325362843923,-0.00287870653571659,0.00384595096138539,-0.00355945510307299,0.00150482627186853,-0.000170927688570791,0.000525833956529182,-0.000327692972572472,-0.000168170496254874,-0.0115149376577566,0.0052062209548062,-0.00321300271927034,0.0002398485298368,-0.000235409260683166,8.15071026546972e-05,-0.00214134619115843,1.10234547068519e-07,0.000766374987223005,-0.000232988017680518,3.23803372659574e-05,1.37746547091143e-05,4.55672997586274e-06,-0.109306493720239,4.89620495155789e-07,0.000790421680081762,1.98399467612673e-05,0.00211272023460731,-0.00376803376591847,-2.20767194749001e-08,-4.65258645152748e-08,2.20554834071125e-08,-0.000159666967091524,2.87648974944044e-10,-3.77527801772096e-10,4.35583472489743e-07,-1.27715103266594e-08,0.00358859933436009,-1.34459205266134e-08,-1.2446641661981e-06,1.99052228753646e-08,2.72205414680085e-07,1.02756575708475e-08,9.99271181195672e-10,-3.13646506530435e-08,-1.92427165104423e-06,2.22151257526669e-05,-1.1085628942825e-07,-1.12603517682085e-09,-1.23187018726983e-05,-7.57316710525051e-06,7.55102069889123e-07,-2.30338751544545e-16,0.000201302091838584,0.000231052496061434,6.26532517273432e-14,3.39124804385005e-07,8.59576850484366e-06,-3.43766268824929e-11,8.9064928478391e-07,-3.07504796154484e-09,-1.00506460117933e-09,-4.35017358725207e-09,8.50315704786363e-08,1.77352665271542e-05,0.07394076225878,-8.82547546266583e-08,-7.66270690562981e-11,-1.81110963808594e-08,-1.08169538554168e-08,6.40860092385098e-17,-2.96815717904135e-15,-3.63417316623935e-07,1.15643581845987e-07,4.33408532512765e-10,7.83202769999436e-10,6.6154735316976e-11,3.82129190252406e-08,2.24182393074052e-06,-5.02980455487079e-07,-4.41995464973081e-15,-1.31869149793189e-14,0.891675517861834,-3.40468928194445e-07,-8.56633557491659e-15,-1.79452952263042e-15,-1.37666141560981e-16,1.42268766889463e-15,-3.06121183543879e-08,2.16505323509474e-05,1.63066517748164e-09,-3.40838168156974e-05,-4.805613233536e-16,1.01960607420815e-06,2.1916801388034e-11,1.6607808878133e-15,-9.43452072533269e-17,-1.72950811759008e-16,-2.6678441504991e-08,-9.40042686904387e-10,1.31753519067371e-06,-0.155375488148629,2.59812246810025e-08,2.83611420687277e-16,2.02885365662532e-16,1.89475907417482e-17,4.76994745784998e-16,-1.34293430336611e-08,-2.67052713127957e-16,-1.29806250829955e-16,1.42260877557254e-16,2.64253430797295e-17,-7.7761908907079e-16,-3.37245840816855e-17,1.14998588431272e-16,-3.70113355902699e-16
"t148",-0.0867476648605139,-0.0340674317196121,0.0232198035529599,0.211064201802897,0.163537119108705,-0.208533408790364,0.000408610148294673,-0.0154341676335011,-0.000204594587414139,-0.00151202752796014,0.00593277408758701,-0.000135313712534904,0.0193325348136284,-0.00585056319541857,0.000929755005063398,-0.0139740769860116,0.00232530570414421,-0.0132641198417585,0.006742887360659,-0.0205210708842428,-0.00150640725773799,0.170346843566697,0.00430059381458144,0.159367544825231,0.0305275786654465,-0.00121167044928059,-0.00398007932732908,0.00532187245300922,-0.00506648278415426,0.00215408603937417,-0.000253171617525873,0.00078079528162648,-0.00048942587577572,-0.000268228247959696,-0.0184804484695375,0.00849817887788915,-0.00526112762576535,0.000420189395633864,-0.000415843011141822,0.000149348144236729,-0.00410091319877196,2.17280945062024e-07,0.00157836948182674,-0.000510709156106591,7.46903579481348e-05,3.24682105098654e-05,1.0750145131817e-05,-0.264696935156524,1.19005841189815e-06,0.00208253412990133,5.61749058962989e-05,0.00614320073488456,-0.0112020723823218,-7.46573108095262e-08,-1.68296880979158e-07,1.01304971777184e-07,-0.000820723839523099,1.54959941304231e-09,-4.30304589939148e-09,6.28204834314983e-06,-2.56178012820913e-07,-0.195574205686943,5.85663456501857e-07,4.97987925649982e-05,-3.95932572155497e-07,-3.55530691587236e-06,-8.73249016581095e-08,-6.6332313314042e-09,1.59031187672029e-07,9.40581197327426e-06,-0.000100250035199184,4.81586053664457e-07,4.62275219803427e-09,4.90980263009822e-05,2.90939578706808e-05,-2.80022366462443e-06,4.62141176021946e-16,-0.000594629806895567,-0.000673183202216613,-1.81598117619808e-13,-8.86849340134002e-07,-2.10796100282434e-05,7.81237825171925e-11,-1.96291310066374e-06,6.14226892342118e-09,1.55683706339971e-09,5.80579670165951e-09,-1.02231876633922e-07,-2.08514846215603e-05,-0.086503367885858,9.17647055986582e-08,7.62083752223544e-11,1.73544221580141e-08,9.73187428256542e-09,3.66367777029274e-16,1.35362197759241e-15,2.84469479467915e-07,-8.72757982928012e-08,-3.26060258596517e-10,-5.59255705981365e-10,-4.19444059969768e-11,-2.36477556920037e-08,-1.05791685876485e-06,2.35948009108186e-07,1.25303388722911e-15,4.15757129245292e-15,-0.280274371024523,1.0536281404614e-07,2.80588811733817e-15,5.63408090128071e-16,-5.94417887487988e-17,-2.05305715530375e-16,4.9013723479993e-09,-3.43875849591595e-06,-2.50225062581323e-10,2.42946495970743e-06,2.89159488275313e-16,-3.30431652339786e-08,-7.07595678087748e-13,-1.30104260698261e-17,-1.36745043522587e-15,-1.56312778361481e-16,-1.01490018549573e-08,-3.78090236195945e-10,6.09126518250243e-07,-0.341979307329225,-7.40243298823467e-09,2.52162590054432e-16,-1.05165307173474e-17,-5.11069194593825e-17,-3.04660810468427e-16,-1.0002579811522e-09,2.40444706856482e-16,8.81285837717652e-17,-3.22211333135536e-17,-1.36109605206527e-15,-0.707106781186547,6.76840768576616e-16,-1.16250437999941e-16,1.1986585145979e-15
"t149",-0.0867476648605139,-0.0340674317196121,0.0232198035529599,0.211064201802897,0.163537119108705,-0.208533408790364,0.000408610148294654,-0.015434167633501,-0.000204594587414177,-0.00151202752796014,0.00593277408758699,-0.000135313712534886,0.0193325348136284,-0.00585056319541857,0.000929755005063298,-0.0139740769860116,0.00232530570414424,-0.0132641198417581,0.0067428873606598,-0.0205210708842427,-0.00150640725773798,0.170346843566697,0.00430059381458156,0.159367544825231,0.0305275786654466,-0.00121167044928062,-0.00398007932732918,0.0053218724530092,-0.00506648278415422,0.00215408603937418,-0.000253171617525834,0.000780795281626572,-0.000489425875775729,-0.000268228247959663,-0.0184804484695374,0.00849817887788932,-0.00526112762576517,0.00042018939563378,-0.000415843011141977,0.000149348144236631,-0.00410091319877202,2.17280945144149e-07,0.00157836948182668,-0.000510709156106471,7.46903579482336e-05,3.24682105100097e-05,1.07501451315504e-05,-0.264696935156523,1.19005841195024e-06,0.00208253412990138,5.61749058960006e-05,0.00614320073488444,-0.011202072382322,-7.46573109251563e-08,-1.68296880937181e-07,1.01304971625716e-07,-0.000820723839523099,1.5495994128122e-09,-4.30304597364239e-09,6.2820483431559e-06,-2.56178013005397e-07,-0.195574205686942,5.856634564835e-07,4.9798792564768e-05,-3.95932572212662e-07,-3.55530691606713e-06,-8.73249014980812e-08,-6.63323132815837e-09,1.59031187540841e-07,9.40581197327767e-06,-0.000100250035199059,4.81586053673131e-07,4.62275241995817e-09,4.90980263007145e-05,2.90939578702898e-05,-2.80022366487066e-06,6.68410639337313e-17,-0.000594629806895636,-0.000673183202216303,-1.81488911355984e-13,-8.86849340052992e-07,-2.10796100285093e-05,7.81239406077394e-11,-1.96291310059857e-06,6.14226915819161e-09,1.55683740682075e-09,5.80579700472112e-09,-1.02231876611804e-07,-2.08514846215078e-05,-0.0865033678858576,9.17647055424288e-08,7.62090736653939e-11,1.73544222109231e-08,9.73187431162204e-09,5.87074595177249e-16,8.59842256096429e-16,2.84469479832749e-07,-8.72757983682616e-08,-3.26060127870534e-10,-5.59255784043922e-10,-4.19444090395192e-11,-2.36477557279992e-08,-1.05791685848643e-06,2.35948008791599e-07,1.38344517113865e-15,4.14122211308232e-15,-0.280274371024522,1.05362813757607e-07,2.15493313297788e-15,4.30803335915187e-16,1.89143461017804e-17,-3.5865953628622e-16,4.90137199610793e-09,-3.43875849600139e-06,-2.50225026576494e-10,2.42946495972174e-06,2.70382820935758e-16,-3.30431653687991e-08,-7.07586635984566e-13,-2.77555756156289e-17,-9.53058620803398e-16,-4.44303101919676e-16,-1.01490023249589e-08,-3.78090478345724e-10,6.09126519337481e-07,-0.341979307329224,-7.40243353037641e-09,9.54466964751634e-17,-2.56820928150859e-16,-8.29304081030379e-17,-7.01533015706746e-16,-1.00025826442712e-09,3.87337824914662e-16,-1.04653135157401e-16,-7.54835105011564e-16,1.16707454188662e-15,0.707106781186548,-8.77967197032746e-16,-6.96907497367181e-17,-1.29687501326523e-15
"t130",-0.0866115182087459,-0.033994955244003,0.0231305150444826,0.209860597245759,0.162282639280481,-0.206693075507373,0.000404432687000709,-0.0152296709546742,-0.000201866808061176,-0.00148459249547908,0.00582126775208596,-0.000131952833928887,0.0187503173390858,-0.00566797506103986,0.000898443302692162,-0.0134715873313392,0.00224071400650818,-0.0126859764704749,0.00644816110194307,-0.0195881918310806,-0.0014341554824459,0.16194681215271,0.00408150359673643,0.150652957817317,0.0285950707727176,-0.001133816157135,-0.00367360972182458,0.0049112066337028,-0.00464804576115332,0.00197388928751336,-0.000230401628457976,0.000710219399402659,-0.000444674982166997,-0.000240666433733245,-0.0165625198481543,0.00759274893596896,-0.00469791938412708,0.000370806384338871,-0.000366459150253368,0.000130820287862731,-0.00356707676564564,1.88164535724741e-07,0.00135801834777571,-0.000435578362324079,6.32719565987048e-05,2.74282704743282e-05,9.08041477419374e-06,-0.222852722341944,1.00147204750319e-06,0.00173582438251394,4.64526057266129e-05,0.0050658144235386,-0.00921648197281981,-6.06742287320785e-08,-1.35980217148405e-07,8.04050051465866e-08,-0.000646820411326069,1.21793738799137e-09,-3.28215803748492e-09,4.76460152514803e-06,-1.93134541261019e-07,-0.1443683951593,4.3170595162195e-07,3.66846675531961e-05,-2.89386706578031e-07,-2.5774066729866e-06,-6.24993969153484e-08,-4.6987628867644e-09,1.11018113163543e-07,6.55092754123889e-06,-6.94489182080656e-05,3.32720192778864e-07,3.18032491837372e-09,3.37001929728246e-05,1.9910491257202e-05,-1.91067851578268e-06,6.69264448548146e-16,-0.000396971415897626,-0.000448743535238078,-1.20849355099862e-13,-5.83844156195828e-07,-1.37654208509412e-05,5.04928895679856e-11,-1.26309394649827e-06,3.89328443715949e-09,9.41532745513248e-10,3.39398113368713e-09,-5.8158597826053e-08,-1.17884919164307e-05,-0.0488366610562397,4.99915738536612e-08,4.09117213847829e-11,9.19765073587216e-09,5.04055308971942e-09,1.09326137566904e-16,-7.43448406271076e-16,1.39196284081511e-07,-4.20094264782719e-08,-1.56717927374047e-10,-2.62219697778204e-10,-1.84778392639648e-11,-1.02745172574992e-08,-3.81857099598091e-07,8.47567843790002e-08,5.97837093125992e-16,1.54882517299756e-15,-0.0651422190385668,2.39329709504953e-08,1.12948116571393e-15,2.03794448123215e-16,-4.83224108426458e-17,-1.60386950491512e-16,-1.43163912900968e-11,1.94774328947335e-08,4.34520690557053e-12,-5.83910113979044e-07,-6.63107042772697e-18,1.25519040536262e-08,2.68892525223445e-13,-1.20617491689012e-16,2.69253097474122e-15,5.46546520390907e-16,1.87152308373233e-08,7.1071584697266e-10,-1.19699332695971e-06,0.861248310828898,3.22523689388358e-08,-5.26433130209429e-16,-3.29398419778677e-16,1.6350245150215e-16,7.64945290269992e-16,-7.35261523713098e-09,-3.37533949749174e-16,6.01979395638574e-17,4.75100780114937e-17,1.64593439396371e-16,-1.46741563053845e-16,9.4889629873187e-18,1.59164888236621e-16,-1.65699842501076e-16
"t77",-0.0811052643339172,-0.0310552841481487,0.0194760214461038,0.160098942880492,0.109841442370528,-0.129247363130102,0.000227177589533774,-0.00638963812516569,-8.38877192187557e-05,-0.000259474456082969,0.000819177613554678,2.58227477717812e-05,-0.0098391355656145,0.00338827143140142,-0.000691796187730514,0.0126483033311761,-0.00217596325788584,0.0201642719887464,-0.0103249252668871,0.0347627081568405,0.0029290918341851,-0.355870893378949,-0.00978288956621967,-0.438493572566899,-0.130395949041297,0.00544500600479575,0.0415431476897426,-0.0563680175973164,0.100053230775626,-0.0507652940259126,-0.0568829821170225,0.100817590118147,-0.0318475499799921,-0.00271758854919497,-0.173419100580103,0.0662784518436341,-0.0397722495462545,0.00186365476197073,-0.00174736434482506,0.000501952538259641,-0.0107433605081204,4.86348049900587e-07,0.00277736457979261,-0.000625199885910055,6.50913793826875e-05,2.39980444973832e-05,7.88966154218615e-06,-0.155084954017036,6.73403487959432e-07,0.000367675699335251,-6.09332940135221e-06,-0.00123984545975612,0.0030844191115794,4.75176325307894e-08,1.32581164308188e-07,-1.18599036389325e-07,0.00105563138764007,-2.05254515589953e-09,6.18267180433653e-09,-8.5750639190179e-06,3.17039752750317e-07,0.0137620281116854,4.45430392340158e-08,7.21807084910626e-06,-5.06737901907754e-07,-1.19618238053084e-05,-1.10304639249277e-06,-6.0264284627407e-07,-4.4614423258645e-06,-0.000233329522297468,0.00203212087168915,-9.06703189154618e-06,-7.94671640016916e-08,-0.000810666242088275,-0.000459528437790833,4.26046414564584e-05,-9.54016596624307e-16,0.00774583800120441,0.00871723767937149,2.34358641163206e-12,1.10625890054701e-05,0.000258753914998268,-9.44592914369574e-10,2.36098424548178e-05,-7.26863398756278e-08,-1.67059200932148e-08,-4.70338202454947e-08,2.73175399662882e-07,1.17390564404535e-05,0.00179286318194783,3.04762117350276e-06,6.50546199434899e-09,5.015045389425e-06,-2.55488112027612e-06,-0.707106781186547,-3.04636816530245e-14,-3.86395002003055e-05,1.26626065725407e-05,4.7714508246003e-08,1.01762152783123e-07,1.70314974335634e-07,-2.01732530749436e-05,-3.79432014890456e-05,8.18690361735768e-06,-1.06686751344304e-15,-7.14199444006366e-17,-0.000845807674620702,-7.21877779634991e-08,5.95159230058762e-16,-2.01969006198455e-16,3.84704126826225e-16,7.38606750578522e-16,-1.20632427981057e-07,8.56792801374373e-05,6.56444670781044e-09,-0.00016226777291797,7.58160503238062e-16,5.04960323400776e-06,1.08552018419123e-10,-1.68485017604247e-16,-6.56823436993815e-16,-2.13524379691548e-17,-1.23595887026936e-07,-4.30693794860254e-09,5.84705161054495e-06,-0.000255953051593271,1.69196005851531e-07,-1.92806991345525e-16,1.87989570521936e-16,-6.29551910784938e-17,2.7172816947918e-17,-7.7374187868041e-08,2.09614939458933e-17,-1.06597296539673e-16,-1.45294949574319e-16,8.81805343310393e-17,1.56346912538943e-16,7.77613607666652e-17,5.20734437795555e-17,-1.5838668384141e-16
"t78",-0.0811052643339172,-0.0310552841481486,0.0194760214461037,0.160098942880492,0.109841442370528,-0.129247363130102,0.000227177589533764,-0.0063896381251657,-8.3887719218776e-05,-0.000259474456083007,0.000819177613554647,2.58227477717264e-05,-0.00983913556561446,0.00338827143140143,-0.000691796187730541,0.0126483033311761,-0.00217596325788586,0.0201642719887465,-0.010324925266887,0.0347627081568406,0.00292909183418531,-0.355870893378949,-0.00978288956621995,-0.438493572566899,-0.130395949041297,0.00544500600479593,0.0415431476897424,-0.0563680175973164,0.100053230775626,-0.050765294025912,-0.0568829821170223,0.100817590118147,-0.0318475499799917,-0.00271758854919512,-0.173419100580102,0.0662784518436339,-0.0397722495462545,0.00186365476197062,-0.00174736434482501,0.000501952538259384,-0.0107433605081205,4.86348049931703e-07,0.00277736457979243,-0.000625199885909984,6.50913793825859e-05,2.39980444979743e-05,7.88966154238962e-06,-0.155084954017035,6.73403488059379e-07,0.000367675699335877,-6.09332940121603e-06,-0.00123984545975574,0.00308441911157913,4.75176332046024e-08,1.32581165308775e-07,-1.18599036483356e-07,0.00105563138763904,-2.0525450325794e-09,6.18267224730765e-09,-8.57506391910078e-06,3.17039753816272e-07,0.0137620281116856,4.45430399436651e-08,7.2180708487773e-06,-5.06737901471031e-07,-1.19618238059534e-05,-1.10304639216721e-06,-6.02642844916168e-07,-4.46144232544486e-06,-0.000233329522298589,0.00203212087169126,-9.06703189245463e-06,-7.94671620773976e-08,-0.000810666242088495,-0.000459528437788487,4.26046414565437e-05,1.43538880868072e-15,0.00774583800120777,0.00871723767937597,2.34679200443282e-12,1.10625890045588e-05,0.000258753914997734,-9.44593861867024e-10,2.36098424554429e-05,-7.26863371359167e-08,-1.67059174501399e-08,-4.70338199553961e-08,2.73175398857916e-07,1.17390564438976e-05,0.00179286318195453,3.04762117389852e-06,6.50546955627967e-09,5.01504538913378e-06,-2.55488110669709e-06,0.707106781186547,3.05686845235006e-14,-3.86395002048198e-05,1.26626065621382e-05,4.77145187534133e-08,1.01762153847593e-07,1.70314971985773e-07,-2.01732530757529e-05,-3.79432014884161e-05,8.18690361919366e-06,1.14467489949145e-15,9.82053484864558e-18,-0.000845807674621302,-7.21877805165411e-08,-2.28983498828939e-16,3.52351690272684e-16,-3.63359723278592e-16,-6.05070018320741e-16,-1.20632427436282e-07,8.56792801375998e-05,6.56444658540190e-09,-0.000162267772917762,-8.63950141728231e-16,5.04960323450355e-06,1.08552359892991e-10,-7.71951946809679e-17,6.48881576251411e-16,1.04860623542142e-17,-1.23595887273266e-07,-4.30693823695289e-09,5.84705161132829e-06,-0.000255953051593069,1.69196006218893e-07,1.43041688580652e-16,-1.40946546534517e-16,-2.72673297568201e-17,-3.74984873881268e-16,-7.73741880156619e-08,1.4147091473886e-16,1.04969282891987e-16,1.58301987512356e-16,-3.93258564799328e-17,-2.3779446778638e-16,-1.62113839963497e-17,-3.23555961428567e-17,-1.7590934675786e-16
"t9",-0.0769602122693796,-0.0293122731448711,0.0242875476420981,0.00555588525967211,-0.0883848975424298,-0.0225001890597265,0.0007328699017064,0.0104341335549615,0.000245016508348985,0.000730512985508857,-0.00311508737456882,7.84290495919537e-05,-0.0209810652512924,0.00659625678660926,-0.000809859487395002,0.0316522706581352,-0.000771036110637982,0.0160471517627313,-0.00815259358351804,0.0244041904791575,0.00169743934522263,-0.182273257459474,-0.00294391480377985,0.15369836910082,-0.022362051707639,-0.00129590884758204,-0.00714152150961762,0.00817361519542342,-0.0225714301549952,0.0119686428288422,0.016081829892078,-0.0304181121890366,-0.0253036533869146,0.00076839630669468,0.0451220956682253,-0.0170527757786519,0.00859427500665915,0.000277375995385326,-0.00035695060570075,0.000242037320708905,-0.00947256064178491,5.68599422862225e-07,0.00447883885947664,-0.00129372858528593,0.000121018783887812,3.31802587901002e-05,1.06925262899499e-05,-0.0215307216008166,-7.72151713959933e-08,-0.00901236408661776,-0.000536970573059042,-0.0883740825172419,0.114034902446249,1.99746535014285e-05,2.61674128359421e-05,-4.72551032949508e-05,0.79337354350843,-2.16780845331122e-06,-1.14804171951749e-05,-0.117555206520849,-0.0474617553508324,0.000317926587253301,2.66532889720399e-05,0.0203213034786166,-9.70588881069208e-05,-0.00702076213607242,-6.42676680900076e-05,-1.48557836880995e-05,6.8957544344315e-05,0.00360221211417201,-0.0637696053602057,0.000167135282165708,5.79848499966739e-05,0.114884403123716,0.349437026497964,0.274799486760877,5.40995200026817e-15,0.0628669388451087,0.021157811708906,5.58151414626826e-12,-0.000396663421119712,-0.0150977443314134,8.39628960563322e-08,0.0327639266106245,1.38723214517502e-05,-1.19754828131493e-05,-1.05276452056618e-05,4.21363154492823e-05,0.00634399817393677,3.98574223808325e-05,-0.0174361342942114,6.55981621279392e-07,0.000473654576099159,-0.000218413454412462,-3.48085750659227e-16,1.50104809310244e-15,-0.00139277347357676,0.000865150519032669,3.24831058507163e-06,6.55129170093905e-06,9.83307071752911e-06,-0.00114261011891567,-0.154048699100839,-0.000264193090425868,-6.72527849655338e-16,-2.99653031773458e-16,-3.7649058588518e-05,-2.50391432130953e-06,4.03648468816353e-16,-3.04578322455577e-17,2.30779364637127e-16,2.49992199549204e-16,-3.40003356699543e-06,0.00132852567180931,1.88554096393279e-07,-0.0129899758467931,-3.13545893220495e-15,0.000384497589795973,2.59318452629212e-09,-5.72025066203352e-16,4.17406315577566e-16,-4.76851235979968e-17,-2.52764269560962e-06,-8.79599810564067e-08,0.00273607537084615,-1.37919329389256e-05,9.66813752330815e-06,-5.42797374116117e-17,4.98961752410043e-17,-1.50677618684053e-16,-3.75350792114482e-16,-2.44848219591169e-05,-6.08814587783929e-18,1.85629389497164e-17,3.84349670146111e-16,-8.29332718527583e-18,2.69184032101543e-16,7.96668909814247e-17,-8.12952783328829e-19,1.78200146812609e-16
"t25",-0.0849092247897353,-0.0336617789709267,0.0322828897604102,0.00916380054113968,-0.207900379356291,-0.0743264499294318,0.00547484245398348,-0.0305085086703751,-0.000684506825109319,-0.000402499129235722,0.00144506159900275,-2.89425837256154e-06,-0.00280392566581101,0.00106031147139057,-0.00017537487268399,0.00835152040620618,-0.000209951867553561,0.0067115565867423,-0.00343142985525041,0.011238324890628,0.000888901799166892,-0.102462806404076,-0.00180885659629924,0.118368472671815,-0.040025046416169,-0.00273005260196412,0.00945971558212253,-0.0105935873089421,0.0178070311175561,-0.00895635754369961,-0.0180238730830673,0.0415676478539933,0.118878656427936,4.8696449213804e-07,-1.45591413091791e-06,-5.35366652909122e-05,3.62310251906337e-05,9.97153548374632e-06,-1.42218952777508e-05,1.35250490776977e-05,-0.000688240143486371,4.67590907700557e-08,0.000426028063717738,-0.000143079421734848,1.46881272903294e-05,4.16531493352441e-06,1.34406525415107e-06,-0.00280858943758088,-1.01225261835299e-08,-0.00129860665592219,-8.27932007182407e-05,-0.0139309826625507,0.018293108728449,3.49918343330207e-06,4.76735828183757e-06,-9.67937951452291e-06,0.170520287080014,-4.75027231270434e-07,-3.90810430471302e-06,0.0319476877080709,-0.00999776448695163,0.000103746845755049,8.89134169927924e-06,0.00684619444611018,-3.73284274397311e-05,-0.0031991621610743,-4.38253759300575e-05,-1.9757336661479e-05,-0.00011813131781998,-0.00426142780191447,0.0418640019979328,-8.74189015303685e-05,-2.23475990119964e-05,-0.0381076385893759,-0.0966926499477284,-0.0640588052649727,2.93932629971683e-15,-0.00408160365712947,-0.00122989729029754,-3.11513700035002e-13,3.50537714661598e-06,-0.000367214677974389,1.1840903052107e-08,-0.184017903899504,-1.93962032157255e-07,-5.49740822198465e-07,-6.25434313542678e-07,2.76396425995164e-06,0.000423833044518159,2.67392970107819e-06,0.0707754213663959,3.45559615307122e-08,2.6546319286622e-05,-1.19914464488898e-05,-5.07413036679397e-17,-2.08481344068674e-15,-5.62955166980895e-05,2.92188684906255e-05,1.07607720014063e-07,1.34457170622264e-07,-2.85300783033764e-07,5.14883781561999e-05,0.895531124637035,0.00374402758710739,4.01635803214725e-15,-6.94508488087695e-16,-1.3335823506392e-05,-8.73394401254924e-07,-1.46020348590348e-15,-3.50661672275409e-16,-5.95355311357623e-16,-4.52535203956688e-16,-9.25806934504414e-07,0.000361372144050154,5.10707761945424e-08,-0.00335990582782768,1.24204782692505e-15,9.81899406602645e-05,6.62203485090188e-10,5.17814957579077e-16,-5.59396944206003e-16,4.25773873083818e-16,-5.78348447289462e-07,-1.92882727991432e-08,-0.0468715568652784,-3.53700816202115e-06,2.44319214584123e-06,1.96273259866063e-16,-1.93434767477007e-16,-2.03187421637173e-16,4.82741017299171e-17,0.000990304163823533,5.40057214776077e-17,3.67375235103446e-17,2.4349147914951e-16,2.2213389340847e-16,7.1087576914039e-17,-2.4580851405745e-16,-1.400104788514e-16,-1.4146811683284e-16
"t33",-0.0880421932024027,-0.0353785828300809,0.0354535290512036,0.0106021919055478,-0.255833895347317,-0.0951887147336398,0.0073925620423293,-0.0472460655876629,-0.00106461923340153,-0.000875080318547555,0.0033527396645122,-3.80066508657634e-05,0.00532998623239908,-0.00143858195562632,0.000117343416343722,-0.00265230343597744,5.62701920690748e-05,0.00176371032615793,-0.00092276630876413,0.00394984643229819,0.00040580289427794,-0.052125233604508,-0.00102952987327339,0.0829772033881101,-0.0404329522938155,-0.00285965140887551,0.0162947591997974,-0.0183775559507922,0.0398073641932718,-0.0211703185885403,-0.0633267209839719,0.151187583231938,0.470630952627927,2.96334793653717e-05,0.000308522949280444,0.000868705994029323,-0.000502689213772781,-3.44050999755731e-05,4.5034340897844e-05,-3.15123349392059e-05,0.00122078822754548,-7.18740179587654e-08,-0.000544781730942869,0.000147786001792293,-1.31028571743593e-05,-3.51143901696957e-06,-1.13052927880146e-06,0.00221484489025651,7.91236175511326e-09,0.000849741535510472,4.71076647124173e-05,0.00755330923302905,-0.00953888235305926,-1.47940273414648e-06,-1.82213277325081e-06,2.66141109631741e-06,-0.0405142581392999,1.06295800398064e-07,3.63178975970379e-07,-0.00527726946144826,6.6650514566243e-05,8.17416600567764e-06,7.62222360320373e-07,0.000608044081193081,-4.79723841108023e-06,-0.000552555806709342,-1.09315457186611e-05,-6.320088887224e-06,-5.18417276189104e-05,-0.00196183636899119,0.0215057026494007,-4.74483685289975e-05,-1.3215478908878e-05,-0.0236181152472654,-0.0636696708180906,-0.0448225139453408,6.44644927716431e-15,-0.00460598855218115,-0.00143849698717468,-3.66110787519691e-13,5.69007580177279e-06,-0.000767495224699007,3.70609456429738e-08,-0.717857065422316,-3.33925068857557e-06,1.2733460126765e-06,8.89415169627475e-07,-3.15083936685623e-06,-0.000465959290160449,-2.91816479482815e-06,-0.126802887636319,-2.09965838027758e-08,-1.74155071098435e-05,7.62896898731181e-06,8.04132092507037e-16,-2.26866131871944e-15,3.12430571898232e-05,-1.56343944335688e-05,-5.73985185534026e-08,-6.81579919821138e-08,1.29575987784454e-07,-2.28906399181153e-05,-0.320860176353613,-0.00133568339984982,-1.96628083152201e-15,-3.17732985934913e-18,3.6908056928785e-06,2.39657879996135e-07,4.24465150528075e-17,-1.12180617642253e-17,1.77804997770291e-16,2.90341836679045e-16,1.90921373609851e-07,-7.43258409353948e-05,-1.03877342090068e-08,0.000573615814805732,1.50293709472086e-16,-1.54240076646834e-05,-1.03992438522228e-10,-7.05165092984572e-16,1.57958744732064e-16,-9.0259418462074e-17,7.7187707789219e-08,2.87531833290263e-09,-0.0115550650185005,2.9816771025511e-07,-1.8853589486736e-07,2.62556359153214e-17,-1.08173879794953e-16,-1.72123739366192e-16,2.63461127913978e-17,0.000358838692751631,-1.50232178051927e-17,7.022423142223e-17,-2.34621350125863e-16,6.4580838521691e-17,-1.75608429180496e-16,5.5615756250275e-17,2.08969050035793e-16,-4.63457248258461e-16
"t34",-0.0883584255794244,-0.03555122541265,0.0357684404655871,0.0107429163898265,-0.260439102390915,-0.0971695059816143,0.00757181853054503,-0.0487499071713304,-0.00109873037234596,-0.000914035845898786,0.00350778059513223,-4.03920789527011e-05,0.00574542047299032,-0.00155536245387193,0.00012774084855004,-0.00290593233688232,6.17247279925635e-05,0.00197576579300688,-0.00103409039539459,0.00444972286059915,0.000460665100734384,-0.0594194828587648,-0.00117960154651581,0.0962108143524263,-0.0482460827767639,-0.00342342994609016,0.0204311670727248,-0.0230571663835421,0.0510114435037657,-0.0272446655465659,-0.0836378231396153,0.200060969640196,0.625555119453659,4.1448926314539e-05,0.000433648639284133,0.00123745114627602,-0.000717853678041768,-5.18678927780708e-05,6.835093938816e-05,-4.92840554731119e-05,0.00198063892713296,-1.19469368391391e-07,-0.000940009718566824,0.00026914764785057,-2.49606830191759e-05,-6.81961327366492e-06,-2.19735300566711e-06,0.00440720958111514,1.5797115522374e-08,0.0018265819052267,0.000108337623577327,0.0178168139764714,-0.022984565273196,-4.04607185474094e-06,-5.33555297523296e-06,1.00531901693823e-05,-0.173832721872753,4.81718566240648e-07,4.78779188197193e-06,-0.112872668773969,0.00437600265331054,-8.07827516998007e-05,-6.96634456309388e-06,-0.00537790169620289,3.01393114305749e-05,0.00264737952289612,3.77369793901155e-05,1.76592964308818e-05,0.00011279300898277,0.00411887593191683,-0.0417144826959743,8.85680940906553e-05,2.32793909699032e-05,0.0403447977377507,0.104641970721053,0.0709542131381428,-5.81141343001471e-15,0.0056634637850681,0.00174077805984531,4.41738269904958e-13,-6.05746760814965e-06,0.00075508319200549,-3.31187717189399e-08,0.616468550040119,2.51471610225759e-06,-6.59523230781178e-07,-3.58266373121411e-07,1.04248953383707e-06,0.000147397815711362,9.13834405499511e-07,0.0306352877024454,4.54732593615877e-09,3.42110244306611e-06,-1.25026689712802e-06,-4.91796620932896e-16,2.16738719958635e-15,-3.07786214908837e-06,1.29390227565289e-06,4.67352659022937e-09,4.08357388306585e-09,-1.91833974886592e-09,1.42407279706122e-07,-0.0246686236197962,-0.000104806619909147,3.15675719694322e-16,5.43769357607653e-16,6.11304154667169e-07,4.0344521435058e-08,5.37267916245719e-16,1.36397834885388e-16,-2.86825551917724e-17,-5.30073688878438e-17,4.76880285017003e-08,-1.86149749532514e-05,-2.63086060583874e-09,0.000168767757056226,-7.09273087561176e-16,-4.80662654989973e-06,-3.24131105480112e-11,2.23230451051187e-16,-1.09058801494114e-16,-9.14283722227629e-17,2.94459610164022e-08,1.09899747499082e-09,-0.00443587993171979,1.17066080134158e-07,-7.69303164561517e-08,-1.31109154405946e-16,1.69463848827287e-16,1.37953300861384e-16,2.19295135978244e-16,0.000163884647990534,2.7902768689958e-17,-8.13233925204912e-17,1.38731291266046e-17,-1.12742718508012e-16,9.07020001945009e-17,-1.84725429800975e-16,-7.89049009726643e-17,-8.3564942588665e-17
"t64",-0.0904854259079599,-0.0367296953001022,0.0380212165425357,0.0118047528067881,-0.297331172123673,-0.113633482386605,0.00913284543535212,-0.0633552250245495,-0.00143106938040768,-0.00137929394570916,0.00541788592764164,-8.19942612525368e-05,0.0171423222395042,-0.00519129000236512,0.000593632246649975,-0.0220544709541749,0.000533022985554943,-0.0103549665376696,0.00526025668491001,-0.0157908505796112,-0.0011185686968111,0.122222418750687,0.00203215758156896,-0.117938087517089,0.0325194170546789,0.00218043904523458,-0.00663525807195568,0.00742818196768725,-0.0126757137992369,0.00643855363765121,0.014717914557722,-0.0344674573205274,-0.102599003304619,-3.92275433583065e-06,-3.89432127604894e-05,-9.61775888455667e-05,5.43019904836912e-05,2.113501223454e-06,-2.56367992653925e-06,1.24311218666626e-06,-2.77470155407578e-05,1.00041353348823e-09,1.68941339761088e-06,1.15165331130221e-06,-1.76377580533849e-07,-5.2985872770416e-08,-1.71237547527529e-08,3.65842396685689e-05,1.31840817593145e-10,1.43763403651692e-05,5.92905556175832e-07,7.47287585299563e-05,-6.85420798921346e-05,2.59605438212136e-08,6.82253297518463e-08,-4.35255912119104e-07,0.0108810662797906,-3.45917162016646e-08,-2.44891151833957e-06,0.162931514793249,0.00864825244332146,-1.95740010417583e-05,-1.59795202353872e-06,-0.00120519157442658,5.2388850800601e-06,0.000369604414865842,3.90657692458463e-06,1.45729648973864e-06,6.68520277081683e-06,0.000230919726284845,-0.00204525953315799,4.04389448229684e-06,9.45623821523456e-07,0.00153204523097909,0.00362832002126831,0.00223478943547512,3.88578058618805e-16,6.27398354395917e-05,1.71784792780717e-05,4.37128631902706e-15,-4.14040094107193e-09,-3.27280251796042e-06,3.14474594014158e-10,-0.00692240696800036,-3.67087956272506e-08,-1.26758708073179e-08,-5.41075156257256e-08,5.10052564672674e-07,9.51300194420421e-05,6.28799166291216e-07,0.339417736912478,-3.27742525076634e-08,-1.29969779539413e-05,3.31570210527349e-06,-3.93696400244011e-16,1.8541123248381e-15,8.2199218769969e-06,-3.8068600715542e-06,-1.38904806305052e-08,-1.5051940388533e-08,2.43408713405653e-08,-4.18069871960768e-06,-0.0444581079429872,-0.000183973665105974,-4.33918469643978e-16,-2.65675726944126e-16,3.09597781082867e-07,1.95838980545011e-08,3.05745012640912e-17,3.03567863016725e-16,6.05897874661112e-17,1.48268591579686e-16,-3.9242448072541e-09,1.62810730102922e-06,2.87841861538454e-10,-8.80849305284707e-05,-7.59787819940455e-16,3.86512540171487e-06,2.61002844264856e-11,1.04256880906206e-15,9.47882404856072e-16,7.65209167127816e-17,-9.60034972286722e-07,-4.79878080659026e-08,0.828582909554551,1.42754796951224e-06,-3.47146325761446e-07,-5.11313790652031e-16,-9.77631022046633e-16,1.39263799884176e-16,5.80048162279745e-16,0.0495220083826183,1.10769226209379e-16,1.36481163975823e-16,1.32543715586353e-16,-9.84686957458519e-18,-9.90435226354796e-16,-2.1416922933361e-16,-9.21452655708014e-17,-2.15501714403141e-16
"t65",-0.0906506247287771,-0.0368206461977079,0.0381916969375679,0.0118833997283753,-0.300001348061308,-0.114808936837214,0.00924244955707758,-0.0643437520379593,-0.00145354009642102,-0.00140891881028841,0.00553850758955415,-8.44222394013574e-05,0.0177612985201788,-0.00538576716086793,0.000617694134031021,-0.023011324180723,0.000556429444943292,-0.0109040644435084,0.00554001418311412,-0.0166659611524718,-0.00118415165837239,0.129600820847581,0.00215912601334835,-0.12588016167656,0.0350789409862377,0.00235481627232154,-0.00728035428298481,0.00815204876286801,-0.0140059341261988,0.0071237685325707,0.0164141026422983,-0.0384616896492568,-0.114640634161499,-4.44697904567386e-06,-4.42057475482831e-05,-0.000109563540336775,6.19001818463645e-05,2.44220472292249e-06,-2.96716117550045e-06,1.4487887356267e-06,-3.25996963895826e-05,1.1813564439464e-09,2.00992481548534e-06,1.38401077478265e-06,-2.13622346025618e-07,-6.43798255408159e-08,-2.08086863194503e-08,4.46245290670992e-05,1.60900617097177e-10,1.77390234298626e-05,7.38282391848748e-07,9.33505770105646e-05,-8.58459814948698e-05,3.29758639626857e-08,8.72432156093609e-08,-5.68080341691448e-07,0.0143168753033738,-4.56563962654236e-08,-3.34508669320028e-06,0.224001660810688,0.0119717110052201,-2.77572224442035e-05,-2.26970487772828e-06,-0.00171306959426393,7.51367276948642e-06,0.000535066324934456,5.73886350883351e-06,2.16616528758977e-06,1.0104214930814e-05,0.000349941924082817,-0.00311843781291854,6.18486142830088e-06,1.45325390613531e-06,0.00236068721644804,0.00560974584324863,0.00346688367232774,9.4986952331455e-16,9.97840372933181e-05,2.73678658965389e-05,6.94951908519759e-15,-6.69077300201738e-09,-5.33785883648436e-06,5.18966609762159e-10,-0.0114813129041814,-6.19394567799591e-08,-2.25641639365628e-08,-1.00116039142382e-07,9.73497519770532e-07,0.000182861793504577,1.21062857378479e-06,0.680613742519462,-6.68307576689921e-08,-2.68935858675065e-05,7.04337541113488e-06,8.14542842917745e-17,4.86754737114065e-15,1.86332520844879e-05,-8.79337779611383e-06,-3.21387658828133e-08,-3.58290380090415e-08,6.22356085847293e-08,-1.08605355173567e-05,-0.143105662464003,-0.000595519878960825,-6.32000628403659e-16,-1.94124718208887e-16,1.68524061472928e-06,1.09666057535428e-07,-2.45138111198973e-16,3.81005128107969e-16,4.51674060270858e-16,-1.14756476699938e-16,9.88601805233249e-08,-3.85509135832685e-05,-5.42670598236147e-09,0.000346857516601696,1.97131334275808e-16,-1.03077698494034e-05,-6.9524077037111e-11,-5.26488574958961e-16,-1.85709880598842e-17,-4.53120501814516e-16,6.56266528084246e-07,3.22964462530457e-08,-0.537970523764913,-7.61943874616759e-07,1.24524583254874e-07,4.39926115950313e-16,1.01278525979451e-15,-1.36182412246311e-16,-3.52365706057789e-16,0.00155004683709106,-5.31637916010819e-17,1.53613231198172e-16,-3.05690802532288e-16,-6.63789757515599e-17,4.28302868299098e-16,1.27160024112577e-16,-1.84341899156696e-16,-1.20836807131678e-16
"t110",-0.0912848445701122,-0.0371709233605386,0.0388547218777255,0.0121925561595952,-0.310618514131653,-0.119514548344735,0.00968486200635949,-0.0684068547539015,-0.00154594690413538,-0.00153439336205526,0.00605146940925275,-9.51522614393237e-05,0.0205936303602123,-0.00628223112523285,0.000730490703846572,-0.0275682030153845,0.000668226872572885,-0.0136658921248061,0.00694839161905168,-0.0211290185668697,-0.0015249850432783,0.168342943610258,0.00283426141397997,-0.169373367560524,0.0501324783855,0.00338881675337684,-0.0115786174517065,0.0129828734229935,-0.0233764278949818,0.0120037972764836,0.029334044034009,-0.069038317323863,-0.207905146558835,-9.09837335949518e-06,-9.15237976743966e-05,-0.000234412947543826,0.000133255984345066,6.04103730105247e-06,-7.47238037234269e-06,3.96000758436793e-06,-9.90023684334226e-05,3.85954548873317e-09,7.39739411605199e-06,6.1554960207183e-06,-1.13525291475704e-06,-3.7201968002107e-07,-1.20669618276862e-07,0.000288739820866114,1.05823704123726e-09,0.000178715475755304,1.34295524332959e-05,0.00237720151078874,-0.00324719125547401,-7.56846960143618e-07,-1.12979880716284e-06,3.12308896355729e-06,-0.0638995779805301,1.89912139382625e-07,7.87021283419865e-06,-0.486120208465081,-0.0239888942330508,4.36329183784723e-05,3.51564126644483e-06,0.00263637651666697,-1.07019498252907e-05,-0.000706595901129555,-6.79060143114426e-06,-2.36204689233198e-06,-9.89634861111493e-06,-0.000337234932341001,0.00289683717964868,-5.64185522051747e-06,-1.28922914997994e-06,-0.00206309414045265,-0.0048101844873971,-0.00291771632796783,-2.5131806358214e-16,-7.37031605206849e-05,-2.00439972656546e-05,-5.48899033864236e-15,4.57361791706334e-09,3.49489124249792e-06,-3.22227894350826e-10,0.00697303402967457,3.49613275723356e-08,1.03392344522101e-08,4.00359021920601e-08,-3.5145266744324e-07,-6.45368660814078e-05,-4.25106509792383e-07,-0.210936092715163,1.97139350239205e-08,7.60439154358535e-06,-1.84954106431136e-06,1.34906353188638e-16,-1.31571028585625e-15,-4.10926928082851e-06,1.8472244983133e-06,6.72263861703601e-09,6.97435932790758e-09,-1.01671672221644e-08,1.70811901910491e-06,0.0137319530564755,5.64219304024349e-05,3.9031754044143e-17,2.53215315429029e-16,-4.2443306356478e-08,-2.5141421424661e-09,-2.88397777881144e-17,-1.0715337612224e-16,-1.28757360540863e-17,-4.00323071005176e-17,4.73916369017092e-09,-1.87162900541771e-06,-2.77381327466142e-10,3.09947323711736e-05,2.11002222784401e-16,-1.09425765292199e-06,-7.38452933889176e-12,5.12610787151146e-16,-3.354949185374e-16,1.92013728639419e-17,1.14001250732434e-07,5.63000773446873e-09,-0.0945161128547931,-1.38644476758423e-07,2.30854937977336e-08,1.88138972313452e-16,-1.48425313789435e-16,-6.17506418164175e-17,3.16424404039894e-15,0.678185820453739,1.06148236183944e-16,-3.56175174018556e-16,4.52735722175635e-16,-9.03942808723045e-17,2.35102371282957e-16,-4.09698342064615e-17,1.51499124672312e-16,-2.59448487641479e-16
"t111",-0.0912178209165188,-0.0371339363979091,0.0387848852096848,0.0121600804367176,-0.309506415146595,-0.119022486937672,0.00963869379858174,-0.0679847223628806,-0.00153634755104762,-0.00152145079409256,0.00599860866467529,-9.40563748133658e-05,0.020306620113898,-0.00619153735038503,0.000719121329011856,-0.0271104593883529,0.000657003776750226,-0.0133916355133662,0.00680856197286491,-0.0206870810393219,-0.00149136335633674,0.164529040152333,0.00276796403477635,-0.165126727578399,0.0486820331752658,0.00328933455961118,-0.0111732112776262,0.0125273546208017,-0.0225003573591863,0.0115483179494861,0.0281401231306252,-0.0662147849189441,-0.199307182277907,-8.67728802910096e-06,-8.72472525979984e-05,-0.000223179614464801,0.000126841022602676,5.72298886422715e-06,-7.07503480812041e-06,3.74045746975317e-06,-9.32556914027046e-05,3.62924724479804e-09,6.93847151977999e-06,5.75418595672589e-06,-1.05849901102517e-06,-3.46502575075875e-07,-1.12388031277901e-07,0.000268591258547175,9.8422273458108e-10,0.000165621445635711,1.24090872586705e-05,0.00219430998882339,-0.00299486727517157,-6.94925874913729e-07,-1.03519254395611e-06,2.84353671443214e-06,-0.0580366523847818,1.72324579435856e-07,7.06887487978032e-06,-0.435801661247264,-0.0214631398130419,3.87719428829869e-05,3.12254430334276e-06,0.00234111954977071,-9.47963664186982e-06,-0.000624277412196067,-5.97553779233017e-06,-2.07194558431251e-06,-8.642502832658e-06,-0.000294303384821029,0.00252401249406248,-4.9117868139853e-06,-1.12099600148776e-06,-0.00179265628429329,-0.00417599818671396,-0.00253084167149271,-3.25260651745651e-17,-6.35282663503031e-05,-1.7269531689847e-05,-4.36651582946812e-15,3.92666413165203e-09,2.99373805104711e-06,-2.75235675592234e-10,0.00594893233220011,2.97050629495619e-08,8.67753816101002e-09,3.33178172525275e-08,-2.90565471731301e-07,-5.32776260781095e-05,-3.50825761337437e-07,-0.172651967583753,1.60828897866495e-08,6.1862095588755e-06,-1.49714622879778e-06,6.69393763787507e-17,-1.1951981316401e-15,-3.28743156626258e-06,1.47297072856066e-06,5.35907677623134e-09,5.53308916566297e-09,-7.9737451095236e-09,1.33634114710124e-06,0.0104308507068135,4.2828783639863e-05,6.35860399206661e-17,-1.7403333831355e-16,-3.06536460923691e-08,-1.8120736550273e-09,-6.72205346941013e-17,-1.14266818981516e-16,-1.44060711070741e-16,1.01313325157584e-17,3.13100734933031e-09,-1.23526811445038e-06,-1.82280595870425e-10,1.87883431394878e-05,3.73928642106779e-17,-6.31584340376177e-07,-4.26141221567608e-12,-1.196959198424e-16,2.68832219301542e-16,1.27688416136953e-16,4.12979325585018e-08,2.01806714436972e-09,-0.0330369383267082,-4.1286037120742e-08,4.09563987108577e-09,-2.71019704440143e-16,2.27682804292265e-16,9.23716397845132e-17,-3.12336961849624e-15,-0.73321326904078,-4.35912127574863e-17,2.92633355972424e-16,-3.92128820733695e-16,9.30274279080627e-17,-9.38143168182375e-17,-1.68287439851334e-16,-4.36727804915586e-18,-1.01029611312311e-16
"t59",-0.0906728273661895,-0.0368327816412651,0.0382139204895347,0.0118933798828355,-0.300329951377515,-0.114950853562054,0.0092553636441815,-0.0644536765853774,-0.00145603461690732,-0.00141186524215367,0.00555030390122349,-8.46191683220864e-05,0.0178012283667231,-0.00539759405802949,0.000618948064663117,-0.0230530601249978,0.000557412615538456,-0.0109104894070914,0.00554313120055344,-0.0166685461507031,-0.00118353769754469,0.129480518819032,0.00215594963521349,-0.125512465218568,0.0348141884651203,0.00233554531617004,-0.00713580836215236,0.0079886011604175,-0.0136238879402843,0.00691795999676633,0.0157584538927861,-0.0368906141271888,-0.109710294055263,-4.1218690311774e-06,-4.08209174519232e-05,-0.000100071752152289,5.64155268795891e-05,2.09976046225638e-06,-2.52820691057441e-06,1.17861875316114e-06,-2.46303361077433e-05,8.37970978652088e-10,1.25113285716128e-06,6.25230744905145e-07,-5.31872174283491e-08,-8.84868066684723e-09,-2.75683756565561e-09,-1.40661446469724e-06,-9.2963209193518e-12,-1.66960320096786e-05,-2.25310143745476e-06,-0.000463390616258027,0.000706085243935415,2.61687404606986e-07,4.64376193126768e-07,-1.97205645626371e-06,0.0465672097471878,-1.45854593045573e-07,-1.00983412211485e-05,0.681451434835408,0.0368813350599793,-9.23012222824363e-05,-7.59985408714926e-06,-0.00575398322458813,2.63345254311469e-05,0.00197526441211571,2.33858747727264e-05,9.73420272175812e-06,5.41171849571067e-05,0.00193681892432902,-0.0187460903911039,3.892025801035e-05,9.88348604809238e-06,0.0168123216027826,0.0425773739315596,0.0281931860379018,-2.32763298652766e-15,0.00187724164984349,0.000569413044396197,1.44648324622385e-13,-1.75907363820841e-06,0.000200765974112825,-7.72384212140087e-09,0.134743315020757,4.12680567745182e-07,5.81721999827465e-08,1.66770112177048e-07,-1.21438058823698e-06,-0.000214553699420583,-1.4013065141301e-06,-0.569159372623803,4.93045819902706e-08,1.78314165051209e-05,-3.87436934291699e-06,9.247662174192e-17,-3.02853776363326e-15,-6.50660491434008e-06,2.68567470080341e-06,9.69884957473393e-09,8.77274554129254e-09,-8.38501368298273e-09,1.25028320001211e-06,-0.00775318580670724,-3.39785849276564e-05,1.23663607406339e-16,3.1005701422165e-16,3.29937907640038e-07,2.18738183902588e-08,7.43745749666111e-16,-3.81724615717389e-16,-1.75766537187817e-16,2.8093792691793e-16,2.84963968528257e-08,-1.11325992242469e-05,-1.57883077984469e-09,0.000108394788786772,8.22529746626515e-17,-3.2395933235301e-06,-2.18501082612384e-11,2.28387187634072e-16,-5.57478714307415e-16,1.440381947306e-16,1.38563011492981e-07,6.71828204846544e-09,-0.107902332197026,-1.16660460467211e-07,1.65276466213633e-09,-2.02022087276311e-17,-5.03687930680476e-17,8.77706266360563e-17,8.59569034873664e-18,0.00251497963520712,1.11652559833804e-17,-1.91522939473234e-16,-9.26874272862491e-17,2.87188565766746e-18,-1.37351006065148e-16,-6.69128324839475e-17,7.46301282195891e-17,-1.5693521693596e-16
"t20",-0.0816760222393552,-0.0318741136122608,0.0288877445456328,0.00757514477622531,-0.153146378102234,-0.0500096632295357,0.0031831482196004,-0.00935831417941001,-0.000203427806142953,0.000255251418150071,-0.00124619611480106,5.37725789044461e-05,-0.017815777230187,0.00581382383766927,-0.000773811626518739,0.0325255508452733,-0.000802980481228104,0.021279886766295,-0.0108591764425363,0.0347099763861412,0.00267193870048813,-0.304423915814506,-0.00531071275104919,0.340586175826329,-0.112190523741007,-0.00763414942962106,0.0241974884711567,-0.0270164042601246,0.0374671770425384,-0.0174355093347001,0.0050346633031542,-0.025208273491255,-0.182720420052569,-0.000652386317650645,-0.0361509196539555,0.0118323389821757,-0.00581664566953037,-0.000118263111941947,0.000144635653718202,-7.88385448145898e-05,0.00238425356285662,-1.20701122057661e-07,-0.000724111424924281,0.000134198123034123,-7.83911711885882e-06,-1.6579099839137e-06,-5.28008915859986e-07,0.000703278401129825,2.34633626578572e-09,-0.00013240647618553,-2.63970463057171e-05,-0.00537772660758939,0.00800999379007028,2.39016897769152e-06,3.73744287480795e-06,-1.02013086434221e-05,0.195979277798789,-5.62721828372579e-07,-5.32794151609885e-06,-0.0208522274282136,-0.0225023773444735,0.000240612063941076,2.08462710028179e-05,0.0161299385005087,-9.38082360593541e-05,-0.00865197771660267,-0.000134594447751091,-6.80579975760919e-05,-0.000491447852461987,-0.0183331275092381,0.195598274812866,-0.000427110439086912,-0.000117622262711799,-0.209476444110282,-0.563916646177485,-0.397966051926568,-7.14879544450042e-15,-0.0520572136249312,-0.0170335745563138,-4.44843033936548e-12,0.000261643463092302,0.0091174214660431,-5.46759715852488e-08,0.211179928201482,-4.60303250972294e-06,2.76221336848858e-06,1.86016755682476e-06,-6.08570096505279e-06,-0.000876308256565399,-5.45134977120165e-06,-0.0309277045644908,-5.7029431904318e-08,-3.78778342512362e-05,1.44531203016898e-05,1.10634000399421e-15,8.92233755244837e-17,4.92339605438191e-05,-2.35472579341311e-05,-8.61086021107559e-08,-9.5691046836377e-08,1.54452023448713e-07,-2.63106568477098e-05,-0.218846242865978,-0.000897502076477361,-7.66331317506474e-16,1.03738907031747e-16,3.50806938376885e-08,-3.67246997764505e-09,1.71737624121704e-16,8.36330844298334e-17,6.57379929608688e-17,2.12862121167975e-17,-1.82364078637619e-07,7.17254596977815e-05,1.04570076527309e-08,-0.000986499966037769,-3.22577631997022e-16,3.24209647173954e-05,2.18727869338156e-10,-9.99200722162641e-16,1.24998613203121e-16,-7.01186476798046e-17,-2.99795287575857e-07,-1.05187236404251e-08,0.00349587300949202,-1.68252525758941e-06,1.25241710647304e-06,-8.07681342975204e-17,3.16034104841848e-17,1.93941789843297e-16,-7.97972798949331e-17,-3.09222653972314e-05,-4.14748229804823e-17,-1.23738485905273e-16,-6.01406945077709e-16,-1.11194448092544e-16,-5.12929943311653e-16,-6.68675439665558e-17,6.20572098976143e-18,-1.08693901116176e-16
"t21",-0.0822683117896429,-0.0321885135890302,0.0294083121152499,0.00777995842713603,-0.158786573570984,-0.0521443666764826,0.0033419882413638,-0.00997568145368148,-0.000216939439714941,0.000279086291978916,-0.00136727569207345,6.09770454686944e-05,-0.0208242751084193,0.00683959360408608,-0.000923935409827034,0.0393833845371245,-0.000974826849270718,0.0270635961669583,-0.0138219029321153,0.0447048760259551,0.00350125057453028,-0.402710939282928,-0.00710774952447435,0.468528304645975,-0.165165742276209,-0.0113279354870518,0.0402889196993742,-0.0450551236942668,0.0660304614259351,-0.0310776200653421,0.00963039562253292,-0.0484762048378075,-0.355793413725637,-0.00147561736953195,-0.0830126581167671,0.0283384965808493,-0.0140423205397369,-0.000343440482885386,0.000430513372887287,-0.000263345921375694,0.00930469364531879,-5.27699959264003e-07,-0.0038572553360611,0.0010213293446258,-9.01402289185775e-05,-2.41820738772693e-05,-7.7861510128773e-06,0.0153038492627664,5.47054778154468e-08,0.006001645339109,0.000342568312237793,0.0556287662764255,-0.0710471018521098,-1.18849579606556e-05,-1.53171684422523e-05,2.69019577547288e-05,-0.451134314528076,1.23416321805309e-06,7.57023502285811e-06,0.0276985605526048,0.0279309476317072,-0.000241064972407445,-2.0607766284866e-05,-0.0158520160337923,8.58656654562002e-05,0.00737980347219809,0.000103421422808483,4.8311979386632e-05,0.000313745789595915,0.0115158895071162,-0.118408468304866,0.000253847272582512,6.79552128741235e-05,0.119186312805127,0.314662266655874,0.217837751758579,2.78943534937071e-15,0.0248651023938745,0.00806333782702797,2.09934695495628e-12,-0.000115057470118062,-0.00382681246523915,2.16558537098002e-08,-0.081631000521618,1.63977977333813e-06,-7.73452623176706e-07,-4.41701823555764e-07,1.27072532380866e-06,0.000177726526473073,1.09840533932259e-06,0.00528282127603587,9.10387599507845e-09,5.69924573085717e-06,-1.95535506680201e-06,-7.43397155227463e-16,2.8395135100373e-16,-5.0937300633035e-06,2.24884231556435e-06,8.16503474052976e-09,8.01488539772799e-09,-9.23942596258267e-09,1.45101594451261e-06,0.00172183242317311,6.21859921105111e-06,-4.13032981158037e-17,7.7977387346893e-17,1.65305281182165e-09,-1.79519303122964e-10,4.09828421199521e-17,-4.25029701884913e-17,6.65588717050833e-17,4.44578345391169e-17,-1.89929018537928e-08,7.5042762097341e-06,1.1149712034108e-09,-0.000134572923130585,-1.93529999501125e-17,4.8468717956543e-06,3.27084954162935e-11,-1.42247325030098e-16,-7.7813847405904e-17,-1.64257156691214e-17,-6.13526219168936e-08,-2.15897352326042e-09,0.000722344304350994,-3.5981891654711e-07,2.84064505249476e-07,-7.99952394876831e-17,1.10025973037385e-16,-9.71559549071851e-17,-3.13984949151802e-16,-8.3273287948243e-06,-8.14581917427916e-17,2.81163295282778e-17,-1.74881810421912e-16,4.44583339354088e-17,4.08856123171201e-17,-1.37019976188789e-16,-3.49519386296689e-18,-3.17071946571576e-16
"t39",-0.0907954699233373,-0.0373241674961345,0.0452548112841439,-0.0756819829716491,0.00475871376851824,0.00146153859507806,-0.00198002064851001,0.32534572812094,0.00877948861336923,-0.00202567513674909,0.00736539978665072,-7.4603516438521e-05,0.0129216481195799,-0.00382682279859582,0.000446812396647678,-0.0398116170525888,-0.00360161475628844,-0.00289728021800975,0.00146359253674388,-0.0040102520017261,-0.000246041377018153,0.0259841721578556,-0.25384761495204,-0.00698212954713657,-0.00275497600582101,-0.00299040082534909,0.00253127263318375,-0.000956698114587299,0.00263079858813242,-0.00127656530329337,-0.00090689567761269,0.00153516476342824,-3.22024587168958e-05,-1.31492260244937e-05,-0.000615670200334824,8.0894445305045e-05,-2.72177005421212e-05,7.57294108029492e-06,-1.098203265702e-05,1.1098073266056e-05,-0.000608628871505275,4.36890331256481e-08,0.000437934856799996,-0.000173454211339856,2.10948998838898e-05,6.5115647779127e-06,2.10885743644228e-06,-0.00495112769931681,-1.81671183454284e-08,-0.00396474329725091,-0.000790215120020219,-0.786811040488347,-0.320751209714704,-6.5392238358581e-06,-5.81476735988974e-06,4.6096777729119e-06,-0.0586335623110205,1.43951514028917e-07,7.22245819843743e-08,0.00621500315572168,-0.0093289041469436,2.3452404817428e-05,5.26404559436824e-06,0.0693628523694497,-1.29558396800298e-06,-0.00196802858867932,-4.17219973963801e-06,-2.05561999117897e-06,-1.2094841777109e-05,-0.000427906660153057,0.0039211095012854,-7.77389478710442e-06,-5.93104449536881e-06,-0.00278101576898792,-0.0061051658464571,-0.00328701260821074,-9.54640012873487e-16,0.0007441689178726,0.00027330965780855,7.42497426389765e-14,-8.221881816053e-06,-0.000377768837636488,2.56082318264211e-09,-0.000411307810492106,5.11617101247837e-07,-6.55230566309087e-07,-7.97973854322216e-07,8.64777744984731e-06,0.121183270608261,-2.64011392661634e-05,3.99772487395103e-05,2.69760021739127e-08,2.2042205801022e-05,-1.16468510741653e-05,-1.17126153393917e-16,-1.64670889517972e-15,-8.92453589491325e-05,5.75052873199719e-05,2.1656678711483e-07,4.5803346643454e-07,7.54919491534358e-07,-8.92136512691565e-05,-0.000563339637265934,3.45234399207507e-05,-1.70357687606846e-16,-2.62558374871702e-16,-5.28935548299689e-06,-3.5613156579482e-07,-3.91017513506897e-16,-3.55670958494449e-16,-4.95819173610437e-17,-1.58535653577392e-16,-9.74639846070151e-07,0.000385251750225109,5.75222717348052e-08,-0.239465694541553,-4.30312870693809e-14,-0.00108319163003225,-1.23531615535434e-09,-1.20975278405933e-15,1.63838155896525e-16,2.48919835644111e-16,7.19919980486259e-08,2.41489517894048e-09,-9.07608378119184e-06,2.01095845476108e-07,3.07238544982442e-08,-1.05516425122825e-16,1.21648331804417e-16,5.28937429687266e-17,1.32164244825983e-16,-1.22638311589914e-07,-8.72869729936802e-17,9.14258684083721e-18,-8.06375365786094e-19,-2.50100947902622e-16,-2.40517666042257e-17,-6.74706478857102e-17,6.87050839867922e-17,4.63582745334414e-17
"t57",-0.0917173973942954,-0.0378403943176748,0.0464033966347071,-0.0785783550711611,0.00500814237051627,0.00155062256714382,-0.00212168602148178,0.356407169124551,0.009623623040639,-0.00230392546051008,0.00842051565144629,-8.96831971783435e-05,0.0162893227007195,-0.00487417247234932,0.000582889081992395,-0.0531432052018989,-0.00482850605114117,-0.00420443027222841,0.00212695624488934,-0.00595074659361496,-0.000376616633921761,0.0404709851438699,-0.404036010665886,-0.0117118553542772,-0.00531255634382335,-0.00586690793485359,0.0065995030601787,-0.00250556226836253,0.00813157512487055,-0.00409512306868164,-0.00378827431155445,0.00655983631227036,-0.000145405549397865,-0.000173651534024581,-0.010007028649178,0.00361138938950726,-0.0018058451333796,-5.11677370273484e-05,6.50686531344551e-05,-4.22275415141183e-05,0.00159498915465943,-9.44768593506652e-08,-0.000740567599013637,0.000220171925339887,-2.19303478208772e-05,-6.26191002679524e-06,-2.02170949906584e-06,0.00433956186998392,1.5727639118598e-08,0.00266620948696706,0.000432772551984193,0.40077508792831,0.153961149077435,2.25136250562267e-06,1.68947638461133e-06,-7.16341420311582e-07,0.00650617872072163,-1.3660500303787e-08,3.90632624422792e-09,0.000484572645922834,-0.000954029796321432,4.24890909927339e-06,9.80373872434196e-07,0.0130727647894834,-2.79564493054787e-07,-0.000479382648560603,-1.19454608242635e-06,-6.58519004131575e-07,-4.46108179593232e-06,-0.000161152859526442,0.00154774090158375,-3.14039344483314e-06,-2.48234957757273e-06,-0.00118632179267939,-0.00266805821192922,-0.00147103581839773,4.66803245363634e-16,0.000394260947290835,0.000146437023120484,3.91900325125843e-14,-4.83748699834204e-06,-0.000236220181386095,1.7318121826459e-09,-0.000287767198055491,4.03527561547375e-07,-8.08180753483534e-07,-1.6118343612939e-06,3.65400014443955e-05,0.68906641957004,-0.000162879295470608,-0.000193768457678432,-7.27546256436523e-08,-4.21817788651079e-05,1.42500884224006e-05,-1.82616543613489e-15,3.45001411657475e-15,5.15336111755129e-05,-2.77960782134228e-05,-1.03088881264171e-07,-1.69012909651597e-07,-1.47042050562072e-07,1.49062063413007e-05,-2.78221853415943e-05,1.82646661482048e-06,2.39087757348417e-16,-4.7168303772488e-16,-1.23764415253325e-06,-8.53169093984596e-08,-3.30681662608079e-17,-9.32773555193242e-16,-1.33142618530166e-16,-1.40020212604452e-16,-4.18109654767127e-07,0.000166002116053532,2.52502245433651e-08,-0.139749084400636,-2.48687458594122e-14,-0.000726963051021939,-8.29458167089273e-10,-1.91686944095437e-16,3.99229135676881e-17,-1.8763312348242e-16,1.42490124390034e-07,4.90143435426355e-09,-1.95726249847682e-05,6.59921711477346e-07,-1.80137130025871e-06,1.31009407460134e-17,3.18236453250985e-16,3.7044738898086e-16,5.60532523175006e-17,6.72773035032779e-08,8.36995697933053e-17,-2.45385884160104e-17,-1.65815169754502e-17,-1.43620823141744e-16,-2.73414356176315e-16,-1.61093256353107e-16,-2.63741326610281e-16,-3.29931730734845e-16
"t58",-0.0915199570700472,-0.0377298739655263,0.0461577386169773,-0.0779595784647904,0.0049549209418492,0.00153162871848129,-0.00209150942059664,0.349804692463991,0.00944420305747254,-0.00224499940650926,0.008197186414036,-8.65078077675523e-05,0.0155837151723802,-0.00465496823334704,0.000554481676087189,-0.0503669381639766,-0.00457312770771755,-0.00393464773261883,0.00199006564719071,-0.00555120033922742,-0.000349819858328204,0.0375034359357398,-0.373340627621973,-0.0107504448186179,-0.00479983720338528,-0.00529120260761056,0.0058051130821572,-0.0022032270783373,0.00707075091387829,-0.00355292011179622,-0.00324258006675219,0.00560935422534454,-0.000124050973674145,-0.000144360534026236,-0.00829880326048743,0.00297508098528622,-0.00148583293858022,-4.10043316343817e-05,5.19765532630331e-05,-3.32563538472602e-05,0.00123496001948572,-7.23498251627633e-08,-0.000557748612085827,0.000161983339846496,-1.58324452577399e-05,-4.48496803652634e-06,-1.44754107237105e-06,0.00307765570358513,1.11392050005949e-08,0.00183446882655054,0.000290341699018353,0.266418796917643,0.101573432960463,1.4229632060827e-06,1.0450567173338e-06,-4.12565708229592e-07,0.00363341215505971,-7.53548386540247e-09,1.8461217359137e-09,0.000221386358953215,-0.000419666885236348,1.60476530288584e-06,3.65996027429277e-07,0.00485507111897615,-9.70107834698296e-08,-0.000153853754956237,-3.32867126241819e-07,-1.60228341019011e-07,-8.52498931572243e-07,-2.94243468936946e-05,0.000251712278309734,-4.78602268747831e-07,-3.38210626901872e-07,-0.000151036490262014,-0.000308754556195344,-0.000153064978703536,-4.76073173938385e-16,5.49404865581721e-06,1.10035188022155e-06,1.2829364307021e-15,2.30369573297844e-07,2.00461419093906e-05,-2.31992042883686e-10,4.4757770327913e-05,-9.37396535694588e-08,4.07826658981134e-07,1.19259982525545e-06,-3.50108996903487e-05,-0.697664064952939,0.000166940123690999,0.000266606682333479,1.1220401753987e-07,7.17112130653192e-05,-2.87362887477337e-05,2.1305930861153e-15,-1.72159383632553e-15,-0.000157514320989465,9.60168654176871e-05,3.60019996360985e-07,7.1397536230422e-07,1.0611818530574e-06,-0.000123462059719071,-0.000706636366991181,4.32605251345277e-05,-3.4113548639996e-16,-4.5262802475578e-16,-6.56067354967965e-06,-4.42281340414609e-07,-2.37657116208823e-16,3.47392728901234e-16,2.3734747204215e-16,-7.39800760590364e-17,-1.3350969227158e-06,0.000528493178950147,7.93994197949601e-08,-0.374438340918394,-6.74274298913899e-14,-0.00183674945931116,-2.09533348436214e-09,-1.7355908377148e-15,1.22745645029792e-16,8.76229422847762e-18,2.96076393384781e-07,1.01664760157881e-08,-4.04335101175579e-05,1.33537040780543e-06,-3.51972667750021e-06,2.40474214266782e-17,-2.61071511832847e-16,-2.16402736158499e-16,2.11419423634673e-17,1.19035176479761e-07,-1.16618564167868e-16,-1.86662222300408e-16,-1.49457269477127e-16,3.28340948828271e-16,1.25879836967838e-16,-1.05099005346727e-16,1.1990686908021e-16,-3.29146654935162e-16
"t42",-0.0906177153239265,-0.037225748440718,0.0450434749782614,-0.0751699600645097,0.00471653386482813,0.00144687598512241,-0.00195747993430115,0.320773332430789,0.00865550439314072,-0.00199011428662161,0.00723328875796902,-7.30807683585279e-05,0.0126536315441731,-0.00374813706808182,0.000437964092366461,-0.0390698011671363,-0.00353547107031079,-0.00286595766175755,0.00144803599196083,-0.00397899011426375,-0.000245314694096041,0.0259861596404436,-0.254908583749913,-0.007090974036503,-0.00290916597703198,-0.00317575713789566,0.00302352315569263,-0.00114525802581343,0.0034357115120402,-0.00170270003199898,-0.00142601140261506,0.0024509489831981,-5.33858364174661e-05,-5.17785564579158e-05,-0.00292230147673142,0.000995151146264477,-0.000492186118951597,-1.08148704202771e-05,1.32931475522804e-05,-7.3532578970442e-06,0.000223194092715821,-1.12291545981814e-08,-6.55136737031563e-05,1.07057978464206e-05,-4.09920716270412e-07,-4.17111207125492e-08,-1.24905397429665e-08,-3.39619393745494e-05,-1.5359163412943e-10,-0.000132157660759864,-3.52195448797415e-05,-0.0370027565493078,-0.0155722271218517,-3.31529462390767e-07,-2.84275869525262e-07,1.64056012321453e-07,-0.0016369902453007,3.5529279318899e-09,-1.3496342147302e-09,-0.000174422956237427,0.00035747309816835,-1.79179792035578e-06,-4.16288760203077e-07,-0.00556767510482328,1.23344320275727e-07,0.000218610078863243,5.6971538882236e-07,3.23761765208791e-07,2.27177726502478e-06,8.24574830634437e-05,-0.000800047802123401,1.63099377865038e-06,1.29802552668949e-06,0.000622457655021771,0.00140567365714037,0.000777933646899843,5.91540705308091e-16,-0.000212175625735528,-7.88488494070233e-05,-2.20032325692898e-14,2.60768438502083e-06,0.000127012458873144,-9.2455104557416e-10,0.000152949176236397,-2.09837988996483e-07,3.61374555160913e-07,5.705703914065e-07,-9.12283986316629e-06,-0.152658936424088,3.50173188526925e-05,3.1079027041789e-06,-6.27220926672362e-09,-7.88817223239952e-06,5.67487595256808e-06,4.2745778331038e-16,-4.97920720449465e-16,5.92558976034996e-05,-4.03759526869246e-05,-1.52757590878643e-07,-3.47059864680421e-07,-6.59722395640589e-07,8.00825646556577e-05,0.000662645358890924,-4.08331834513623e-05,2.28014789009516e-16,8.07647607575281e-16,8.79320514963339e-06,5.99292843701652e-07,6.67434857382077e-16,1.10660269004198e-15,-5.21301087302117e-17,5.42567747692874e-16,2.54917488062205e-06,-0.00101213943829315,-1.5400688503038e-07,0.883228746030888,1.5865975969697e-13,0.00474488630376474,5.41452502195896e-09,3.84067777581265e-15,-2.14016133152657e-16,2.46082950084634e-17,-1.19129393391995e-06,-4.11361839211771e-08,0.000165733142825895,-5.86998801352726e-06,1.77141915530676e-05,-4.06497151095022e-17,-1.42108941582091e-16,-3.05403662423329e-16,5.07406616723216e-17,-1.082853019231e-06,1.36076073757977e-16,2.24324150456161e-16,-1.42247325030098e-16,4.40444466461498e-17,3.08888181292529e-17,3.7506710216446e-17,7.33226687113702e-17,-5.9503413004296e-17
"t97",-0.0913362845460009,-0.0376268638084687,0.0459273209665872,-0.0773747338777782,0.00490415722137233,0.00151340519991991,-0.00206233314095223,0.343298433133153,0.00926729652626193,-0.00218461046196658,0.0079669001560993,-8.29916663409211e-05,0.0147273531119638,-0.00438247269159637,0.000516878312707421,-0.0464190450127267,-0.00420449914154817,-0.00334691501232715,0.00168849591362836,-0.00448670658814826,-0.000238788156894299,0.0184722547400139,0.463186165437259,-0.0136769398040592,-0.00499819442516732,-0.00547082469200587,0.00567840896289943,-0.00215405972663826,0.00680693027114475,-0.00341054228016632,-0.00306144610340883,0.00528974097022614,-0.000116660994397384,-0.000131553269595742,-0.00753912227754283,0.00267946325128682,-0.0013360033078254,-3.54775224901421e-05,4.47358991682049e-05,-2.79207900467556e-05,0.00100174915036048,-5.72030270246915e-08,-0.000421573500491748,0.000113022244764721,-1.01494723693143e-05,-2.75420072414308e-06,-8.87278479377023e-07,0.00177802173964922,6.37705452673833e-09,0.000809457817867061,8.44243341347672e-05,0.060050917183885,0.0168848810928786,-4.02335943165819e-07,-6.40065789669384e-07,1.15244087780932e-06,-0.0179664564531384,4.73620506893155e-08,4.90491869041604e-08,0.004945284979465,-0.00900286876635683,8.76757758333426e-05,2.46910838533593e-05,0.36690383233335,1.0674601606879e-05,0.00417982043679184,3.80503020021498e-06,1.21007014596782e-06,4.34331259211666e-06,0.000143067406802576,-0.00111541322456588,2.04073212982099e-06,1.37485244298068e-06,0.000602372389979153,0.00121167027216893,0.000597606612142888,4.27771967154156e-16,-6.68096400728039e-05,-2.3218234704676e-05,-6.52537919532126e-15,4.07632382223279e-07,1.15315369051553e-05,-2.49560819536945e-11,7.68395090390583e-07,1.09361647775564e-08,-4.37221763534127e-08,-6.11525553971732e-08,4.13696565544825e-07,0.00260389803346838,-3.27841515048236e-07,9.98108785916355e-06,5.70225038173076e-09,4.39953279878814e-06,-2.23616585592152e-06,2.10294073952111e-16,-7.38995767393629e-16,-1.70313889046175e-05,1.10172940681924e-05,4.15070483724528e-08,8.83687692144683e-08,1.47818149985969e-07,-1.751384376685e-05,-0.000111849421114371,6.85342407115517e-06,-9.17929646484528e-15,0.707106781186548,-9.94200930177049e-07,-6.66789969228917e-08,-9.56450630501537e-15,7.22640542268983e-15,1.60601272379675e-15,5.91454312819078e-16,-1.36683923923801e-07,5.37564256377816e-05,7.85168537817515e-09,-0.0166922487088766,-3.68445057585958e-15,-2.18249245882791e-05,-2.46516666260532e-11,2.66063213127943e-16,-9.49481462438556e-17,-2.68990482162448e-16,-6.78542140180672e-08,-2.37113361931785e-09,9.8119357127527e-06,-3.95758132737834e-07,1.45649629811226e-06,4.67840495239872e-17,2.75346369966792e-16,2.06646280325412e-17,1.28206906896411e-16,-1.42236107721847e-07,1.38747728483238e-17,1.44235337929951e-16,-3.49390926347032e-16,8.46386374445158e-17,-7.02127848828655e-17,-9.42180171072508e-18,4.08106960044998e-17,-2.32236009364449e-16
"t98",-0.0913362845460009,-0.0376268638084687,0.0459273209665872,-0.0773747338777782,0.00490415722137232,0.00151340519991989,-0.00206233314095225,0.343298433133153,0.00926729652626193,-0.00218461046196658,0.00796690015609926,-8.29916663409541e-05,0.0147273531119639,-0.00438247269159639,0.000516878312707417,-0.0464190450127268,-0.00420449914154818,-0.00334691501232716,0.0016884959136283,-0.00448670658814832,-0.000238788156894333,0.0184722547400139,0.463186165437259,-0.0136769398040593,-0.00499819442516738,-0.00547082469200587,0.00567840896289948,-0.00215405972663832,0.00680693027114487,-0.00341054228016634,-0.00306144610340929,0.00528974097022604,-0.000116660994397369,-0.000131553269595633,-0.00753912227754261,0.00267946325128701,-0.00133600330782537,-3.54775224901705e-05,4.47358991679794e-05,-2.7920790046729e-05,0.00100174915036052,-5.72030270626069e-08,-0.000421573500491669,0.000113022244764589,-1.01494723695325e-05,-2.75420072434404e-06,-8.87278479239614e-07,0.00177802173964928,6.37705474379926e-09,0.000809457817867044,8.44243341345027e-05,0.0600509171838849,0.0168848810928783,-4.02335943416838e-07,-6.40065789935729e-07,1.15244087822446e-06,-0.0179664564531391,4.73620511345071e-08,4.90491866886668e-08,0.00494528497946484,-0.0090028687663573,8.76757758324232e-05,2.46910838531195e-05,0.36690383233335,1.06746016067742e-05,0.00417982043679192,3.80503020008894e-06,1.21007014591962e-06,4.34331259201626e-06,0.00014306740680221,-0.00111541322456529,2.04073212947188e-06,1.37485244219727e-06,0.000602372389978422,0.00121167027216913,0.000597606612142827,-8.27788358692683e-16,-6.6809640072385e-05,-2.32182347047688e-05,-7.24073578872719e-15,4.07632382876172e-07,1.15315369051089e-05,-2.49550978776059e-11,7.68395091373168e-07,1.09361651786299e-08,-4.37221772831974e-08,-6.1152555258314e-08,4.13696564937997e-07,0.00260389803346781,-3.27841516444688e-07,9.98108785885279e-06,5.70224716631238e-09,4.39953279766057e-06,-2.23616585547592e-06,-2.33795135898022e-16,2.06876823974126e-15,-1.70313889049355e-05,1.10172940693889e-05,4.15070474973458e-08,8.83687672889252e-08,1.47818150686885e-07,-1.75138437641673e-05,-0.000111849421114933,6.85342407669848e-06,9.40024438690295e-15,-0.707106781186547,-9.94200950611441e-07,-6.6679004032439e-08,9.75445852563483e-15,-7.17697145404253e-15,-1.57664884655466e-15,-5.62303296639334e-16,-1.36683926150753e-07,5.37564256364702e-05,7.85168438021618e-09,-0.0166922487088752,-2.15090146532885e-15,-2.18249245878629e-05,-2.46520351012936e-11,-2.84711490494693e-16,9.84184155843213e-17,3.36487552709903e-16,-6.7854214085613e-08,-2.37113295256062e-09,9.81193571248252e-06,-3.95758132157949e-07,1.45649629760752e-06,-1.2151777255361e-16,-3.55203239727035e-16,-1.26783311479886e-17,-1.75098650856409e-16,-1.42236107477265e-07,1.24090312967273e-16,-4.30630531691948e-17,9.60332074279036e-17,4.69228544740158e-17,-4.47057640207363e-17,-1.62333112639649e-16,-7.04557107327713e-17,-1.57020506036845e-16
"t88",-0.0908593735951004,-0.037360127352109,0.045335975866827,-0.0758895174243972,0.00477681519128882,0.00146804525661498,-0.00199043704447558,0.327651761354118,0.00884216817549024,-0.00204628837104984,0.00744337596409366,-7.56537010664447e-05,0.0131229879568958,-0.00388607543333009,0.000453218854298251,-0.0402713863118085,-0.00364042043802008,-0.00279655362588473,0.00140995542458416,-0.0037126015908158,-0.000194968680694092,0.0149718951543685,0.372025970844969,-0.0107519512676919,-0.00372443903152292,-0.00405111081534055,0.00383215218536429,-0.00145178497761912,0.0043848243895865,-0.00217655179856072,-0.0018425305882224,0.00316949714236401,-6.91736240604861e-05,-6.86976404002046e-05,-0.00388624332409294,0.00133195591641192,-0.000659560526597645,-1.48951794589087e-05,1.83752605271965e-05,-1.03430759017713e-05,0.00032216787154959,-1.65703399555649e-08,-0.000101565209476517,1.93891461363097e-05,-1.16506047563017e-06,-2.49866619348356e-07,-7.96244193188484e-08,0.000107936074806389,3.60926436710542e-10,-2.65351129191777e-05,-9.45994656104923e-06,-0.00847729576136877,-0.00279215745685118,1.22389610934568e-07,2.40242451275082e-07,-7.11673527501304e-07,0.0130279601544018,-3.64025815261758e-08,-6.57174777083184e-08,-0.00727429129865021,0.0145866794791654,-0.000197040967476245,-5.67126431161314e-05,-0.850881104356452,-2.78961058429961e-05,-0.0123756058600852,-1.37444101260845e-05,-5.15619486149524e-06,-2.37075652125863e-05,-0.000813772647354132,0.00699790732736944,-1.3475097139469e-05,-9.85658858935315e-06,-0.00452345556486196,-0.00967364550932012,-0.00508153987143892,9.81162308517913e-16,0.000992051425016209,0.000361279997391867,9.9362528025327e-14,-1.01849300990619e-05,-0.000450677756836002,2.92342513462743e-09,-0.000461277830152728,5.41711639807782e-07,-5.81717101071008e-07,-5.77685657937577e-07,3.26973501487847e-06,0.0199005171922923,-2.4874486655945e-06,6.48408604023033e-05,3.51999055035637e-08,2.60925183991423e-05,-1.24534897191744e-05,-2.58716763898842e-16,-1.08482397916017e-15,-8.40937500735651e-05,5.28991181456625e-05,1.98825486417239e-07,4.0770720350432e-07,6.31647001064287e-07,-7.37762278251872e-05,-0.000411943519748333,2.51784401703104e-05,-2.81164925017707e-16,-2.723782880079e-16,-3.19463150141907e-06,-2.13385672222378e-07,-3.63078978774661e-16,-1.94702259218888e-16,-6.58650907780353e-18,-1.78827205541848e-17,-3.87887178110725e-07,0.000152403292064105,2.21693576043585e-08,-0.0444322994535305,-8.11175919456332e-15,-5.66696081611365e-05,-6.40045475199475e-11,-1.34495279496827e-16,-4.79670868427855e-17,-1.31899276467956e-16,-1.5967466381205e-07,-5.57405115983384e-09,2.30120547745397e-05,-9.16949041333004e-07,3.30300498902824e-06,1.28373766980865e-17,2.12908214115971e-16,3.82860779123459e-17,2.47862169157342e-16,-3.01572323135399e-07,-5.64271438312416e-17,-8.21804671500071e-17,-7.19130972218901e-18,-9.5724497391113e-17,-3.61074862995964e-16,-9.07994016296564e-17,-1.41707336611787e-17,-1.52145937800406e-16
"t60",-0.0976046161195304,-0.041551397314238,0.0591268758432309,-0.142988786031127,0.0645727121855138,-0.00378955495264746,0.00148736966373692,-0.0369900781704028,-0.000943522860796186,1.34732457457526e-05,-0.000119177745629345,2.2700602834957e-05,-0.014822634431005,0.00581635273348406,-0.00144059008546227,0.423487222029174,0.0583991798438936,-0.0099784621222247,0.00497422205231833,-0.0115790759173885,-0.000583756079799162,0.0529633015837425,-0.000308423258697114,-0.0191597384700611,-0.0173228841984773,-0.149411503500277,0.0399411260017128,0.0215258898781014,0.00304441230586895,-0.00157657232583475,-0.00145252729123397,0.00250246273451108,-5.47480435334757e-05,-5.25485794844956e-05,-0.00295247503564228,0.000990885051994762,-0.0004885722091388,-9.74392346515113e-06,1.17783041692354e-05,-5.94363026211052e-06,0.000152237460640779,-6.43244549385008e-09,-2.22833381023175e-05,-3.31645865398258e-06,9.4098211978616e-07,3.24686390927717e-07,1.0548568493533e-07,-0.000261755033492003,-9.6300027068389e-10,-0.000170641597920623,-1.40722038514257e-05,-0.00426674249268935,0.00193361304441439,5.93704497139837e-07,8.52873491070088e-07,-1.89609194847215e-06,0.0338968990661218,-9.46421714455831e-08,-2.74315106690935e-07,-0.0466980531523649,0.853683072593391,3.3028704847865e-05,3.75576729216132e-06,0.0215640790405547,-1.0145138365378e-05,-0.090776618710459,-8.25636921420879e-06,-3.66744337640379e-06,-1.89393636261716e-05,-0.000658211691338699,0.00580219900582011,-1.12939018060663e-05,-8.70492758037407e-05,-0.00387651673495974,-0.00836199341296425,-0.00442704619239433,4.03756889033602e-16,0.000900148331318358,0.000328455601171285,8.91240206635224e-14,-9.38660465521165e-06,-0.000418119804038424,2.72987221994675e-09,-0.00043168483519237,5.09665077463905e-07,-5.46008529086215e-07,-5.24194035872016e-07,2.2766453111802e-06,0.00202666056794104,1.69266464915274e-06,6.8442227518534e-05,3.63189866688096e-08,2.66118925525138e-05,-1.25385249232224e-05,-4.79797221859386e-16,3.60804836699567e-16,-8.3218815724955e-05,5.21635711807182e-05,1.96002476372605e-07,4.00000101166698e-07,6.13208596342784e-07,-7.14671606423002e-05,-0.000388407630030068,2.37238877700552e-05,-4.06152750107493e-16,-2.33691727894734e-16,-2.83928239500596e-06,-1.89093753318959e-07,8.67361737988404e-19,-1.88269029876738e-16,2.16095967032675e-16,7.27058345368789e-17,-2.77095384306489e-07,0.000108395842081409,1.5461900885669e-08,-0.00521002261210863,-1.08147029267287e-15,0.00172554766615708,8.72301762572396e-11,1.59594559789866e-16,-2.76613479569013e-16,5.91071966147912e-17,-2.12517907784669e-07,-7.39829644270419e-09,3.03573054067155e-05,-1.17617713207927e-06,3.87936359110309e-05,-1.44174908651556e-16,9.19758103089924e-16,8.35370689135621e-17,2.57172755313562e-16,-3.47007558934857e-07,6.2114369993296e-17,-1.36556630453024e-16,-8.74680102652681e-16,-4.68634460058761e-17,-3.83414517779721e-17,-1.31033934531637e-16,-3.35211137899083e-17,-8.1378845408723e-17
"t128",-0.0982323522541909,-0.0419150612613881,0.0600736643209799,-0.146429724005367,0.0666930608191973,-0.00393393270156181,0.00155370039217681,-0.0391772537842765,-0.000999697166104632,1.46064971224134e-05,-0.000129615027577719,2.54605625343917e-05,-0.0171086350040781,0.0067548880993008,-0.00169702439946381,0.505669725256618,0.0699091497039565,-0.0125032136716915,0.00623785944597175,-0.0146924814529263,-0.000753657976154388,0.0690362072793029,-0.000406809081305779,-0.0259932801247684,-0.0252353021215347,-0.219501587768396,0.0666384561985042,0.0359802665435258,0.00542420726914015,-0.00284669762853936,-0.00285571103531816,0.00495229059416197,-0.000110034078866582,-0.000128372502694841,-0.0073638396318292,0.00262156467364875,-0.00130737927585563,-3.46463233894777e-05,4.36516247124402e-05,-2.71144547241628e-05,0.000965037334582163,-5.47409634625784e-08,-0.000398312388841395,0.000104076175145872,-9.05547165092405e-06,-2.41373320080231e-06,-7.76969650791376e-07,0.00151542593973004,5.41131992896228e-09,0.000584281130730227,3.57512713627453e-05,0.00989952981037425,-0.00418429071952297,-9.25870593598781e-07,-1.16282530948005e-06,1.80662671218608e-06,-0.0284606899918544,7.58126231186783e-08,1.36315183677443e-07,0.0213185962926797,-0.356513854548052,-1.01099934734505e-05,-1.12553924141231e-06,-0.00640213436735267,2.67855241333718e-06,0.0211598286529941,1.57142898743663e-06,5.87343147627744e-07,2.32282358414611e-06,7.71401304229778e-05,-0.00060951175451357,1.11966966628851e-06,7.85305240518478e-06,0.000331369020226444,0.00066510909755985,0.000326610905076507,-2.25514051876985e-17,-3.19498447616876e-05,-1.08800549825788e-05,-2.63504496000877e-15,1.34863206902871e-07,1.30198583061375e-06,2.8009332616562e-11,-6.76658736813358e-06,1.68163843152196e-08,-4.21688087413018e-08,-5.36555327637807e-08,2.71942417307859e-07,0.000249364024866797,2.09610174245478e-07,9.74191769926788e-06,5.41590805102493e-09,4.11692761061871e-06,-2.0559680487392e-06,2.69361592746215e-16,-8.06087391956381e-17,-1.52749976495984e-05,9.83156256047918e-06,3.70243768140844e-08,7.83061095202542e-08,1.29203703647048e-07,-1.52674085478512e-05,-9.45733310578657e-05,5.79069862635673e-06,-3.25855868169021e-17,-2.22903706975569e-16,-7.91482702742347e-07,-5.29275047895031e-08,-2.53703308361608e-16,2.06410791688462e-16,2.76896814506704e-16,-8.67993393709055e-17,-8.75541289655467e-08,3.42839686553881e-05,4.9107226476815e-09,-0.00175742133372296,-4.77207573706678e-16,0.000597093388945202,3.01863338383632e-11,-1.28369537222284e-16,6.3536853227741e-16,1.72070739531767e-16,-8.14288435117827e-08,-2.83777387396003e-09,1.1672590820782e-05,-4.58031946202683e-07,1.54501912093184e-05,2.19044685558842e-15,0.707106781186548,1.25592541311639e-15,-2.38741318381308e-15,-1.48350364817832e-07,-3.89213156931364e-16,-3.66153776828385e-16,3.82614946670135e-16,-9.99066576427908e-17,-8.91416728889106e-17,-2.52783958648267e-16,9.30406930120819e-17,-3.15066550816498e-16
"t129",-0.0982323522541909,-0.0419150612613881,0.0600736643209799,-0.146429724005367,0.0666930608191973,-0.00393393270156181,0.00155370039217681,-0.0391772537842764,-0.000999697166104598,1.46064971224251e-05,-0.000129615027577722,2.54605625343692e-05,-0.0171086350040781,0.00675488809930084,-0.00169702439946376,0.505669725256618,0.0699091497039564,-0.0125032136716915,0.00623785944597172,-0.0146924814529263,-0.000753657976154357,0.0690362072793028,-0.000406809081305837,-0.0259932801247684,-0.0252353021215348,-0.219501587768396,0.0666384561985041,0.0359802665435259,0.00542420726914013,-0.00284669762853937,-0.00285571103531828,0.00495229059416208,-0.000110034078866622,-0.000128372502694487,-0.00736383963182919,0.00262156467364849,-0.00130737927585571,-3.46463233894412e-05,4.36516247126623e-05,-2.7114454724127e-05,0.00096503733458219,-5.47409635018118e-08,-0.000398312388841527,0.000104076175145629,-9.05547165104201e-06,-2.41373320075981e-06,-7.76969650678294e-07,0.00151542593973024,5.41131992988215e-09,0.00058428113073029,3.57512713628667e-05,0.00989952981037419,-0.00418429071952321,-9.25870593556117e-07,-1.16282530956047e-06,1.80662671219182e-06,-0.0284606899918545,7.58126231754957e-08,1.36315183708343e-07,0.0213185962926798,-0.356513854548051,-1.01099934729232e-05,-1.12553924173399e-06,-0.00640213436735284,2.67855241329121e-06,0.0211598286529938,1.57142898755546e-06,5.87343147744187e-07,2.32282358421723e-06,7.71401304235185e-05,-0.000609511754513584,1.11966966536911e-06,7.85305240490301e-06,0.000331369020226419,0.000665109097559693,0.000326610905076717,-2.34187669256869e-17,-3.1949844761868e-05,-1.0880054982669e-05,-2.69098979210902e-15,1.34863206907425e-07,1.30198583066926e-06,2.80094127560432e-11,-6.76658736762487e-06,1.68163840667205e-08,-4.21688087347966e-08,-5.36555327134737e-08,2.71942417441433e-07,0.000249364024867283,2.09610174856101e-07,9.74191769946293e-06,5.4159094752329e-09,4.11692761084076e-06,-2.05596804920757e-06,2.8323938055376e-16,-2.0838646850047e-16,-1.52749976488672e-05,9.8315625602155e-06,3.70243773952438e-08,7.83061099574045e-08,1.29203704056713e-07,-1.52674085479275e-05,-9.45733310580028e-05,5.79069862630816e-06,3.96126273680743e-16,3.5142311143098e-16,-7.91482702416219e-07,-5.29275050316054e-08,4.51461784622964e-16,2.47425398522984e-17,-4.72425874781057e-16,1.30663215736722e-16,-8.75541287742934e-08,3.42839686546179e-05,4.91072301062495e-09,-0.00175742133372311,-1.24340575387622e-16,0.000597093388945461,3.01872903217315e-11,2.22044604925031e-16,-3.48601947961691e-16,-2.05764131590612e-16,-8.14288451823214e-08,-2.83777350581918e-09,1.16725908188113e-05,-4.580319466806e-07,1.5450191207867e-05,-2.10412280133669e-15,-0.707106781186548,-1.29712958200698e-15,2.27769192395755e-15,-1.48350365300953e-07,3.95105038477348e-16,4.73981785136857e-16,-6.48352899146332e-17,8.12074132355856e-17,-1.04597904221949e-16,8.12460276542332e-17,-2.26167845887046e-17,-2.68935654018365e-16
"t71",-0.103535644339607,-0.0451014361041559,0.0694408959919241,-0.186009363557157,0.0961714048169704,-0.00622137111186883,0.00281879594815519,-0.113891639700933,-0.00296122402540629,-0.000122568939383435,0.000657907434101221,-2.08347535457446e-05,0.00576434363030376,-0.00191558597125341,0.00032366329468423,-0.0651007304283197,-0.00833239988100833,0.000190793174386995,-8.89417874650098e-05,3.26144414276993e-05,-5.71243819257088e-06,0.000625087382507529,-2.7599969635489e-06,0.000547985914397902,0.0159913621940363,0.216710107085028,0.260783297251254,0.158948776078681,-0.00297166031523434,0.00106179751180418,5.58699229620797e-05,-4.77094238978126e-05,-1.13371276579686e-06,-1.26895111528411e-05,-0.000748434923137278,0.000281032745298346,-0.000141145748057205,-3.87437672311024e-06,4.85488153112619e-06,-2.89818790397166e-06,9.56355949320257e-05,-5.09117139467369e-09,-3.29229456153041e-05,6.92004472178584e-06,-4.75224859178801e-07,-1.12002065338706e-07,-3.58592810721951e-08,5.871355687238e-05,2.03954643178757e-10,8.52007113330452e-06,-2.12958649296532e-07,-0.00013318965346327,8.22322941552538e-05,5.03404445360549e-08,8.30173026791588e-08,-2.23138762260365e-07,0.00406570819592188,-1.13596876836805e-08,-2.37033864256117e-08,-0.0032434718451522,0.0381623232619325,-6.08673029842827e-06,-8.267135691827e-07,-0.00512883092960372,6.63329175850031e-06,0.508796432375186,-9.13905593156946e-06,-2.65196385658401e-06,-1.0578094124177e-05,-0.000358570197351926,0.00302281912441566,-5.81707723711208e-06,-0.716277084100757,-0.00175555136525667,-0.00383760747843043,-0.00201658612373382,-3.34888367037323e-15,0.000381429106861446,0.000138637405085282,6.28450199866015e-14,-3.85255362188495e-06,-0.000169135251262529,1.08747921447709e-09,-0.000171002526173189,1.9865781623749e-07,-2.06455496112119e-07,-1.95887119458168e-07,8.45511528270882e-07,0.000751817705485009,6.27764903810002e-07,2.52584518441466e-05,1.33836676073293e-08,9.79589644323209e-06,-4.60822975609232e-06,1.45284797267138e-15,6.67610976644737e-16,-3.05123450590869e-05,1.91180296787163e-05,7.18329275708075e-08,1.46530979549739e-07,2.24523245270527e-07,-2.61666941663722e-05,-0.000142361336947746,8.69580776185347e-06,-2.96632836104426e-17,2.7341643812757e-16,-1.04527695085101e-06,-6.96290045532522e-08,8.69638562550623e-16,3.1658214376668e-17,-2.31445856125875e-16,-3.31459109854959e-16,-1.03100914966374e-07,4.03377067065046e-05,5.7576577399621e-09,-0.00198811224338432,-5.94698705219321e-16,0.0116822583156853,-6.0292127832825e-10,-5.64652491430451e-16,1.5518437082324e-16,-2.40122204205469e-16,-7.91350475625938e-08,-2.75544463484436e-09,1.13114669446079e-05,-4.39253549867598e-07,0.000239845462656581,-1.55606938638943e-16,-8.25375163591312e-18,1.52846215659542e-16,3.1940596001423e-16,-1.31631512237282e-07,1.69773834470228e-16,-1.26897892382666e-16,-2.28414292688384e-16,2.37571307474488e-16,1.82102482179811e-16,-3.53568051135562e-17,1.62596225062719e-18,-6.89903627932917e-16
"t156",-0.104092938600936,-0.045431596094802,0.0703691439282769,-0.18973810290051,0.0987959100042204,-0.0064180859706191,0.0029229445931916,-0.119449695466126,-0.00310671720488928,-0.000131022227688897,0.000705108901884245,-2.28916756105458e-05,0.00648018302285476,-0.0021640264936659,0.000369774271132807,-0.075170677033034,-0.00964039467852795,0.000228704665148468,-0.000106681465331383,3.94741534523475e-05,-7.00583469249143e-06,0.000772206573159968,-3.4402052368328e-06,0.0006975987412959,0.0214495782552793,0.292455152512246,0.384796802277103,0.234830146139604,-0.00458295647598146,0.00165203317110429,9.18432440106158e-05,-7.8754573820972e-05,-1.88975272760218e-06,-2.37720573660117e-05,-0.00141866985146197,0.000550439202086584,-0.00027817012622056,-8.80943095605408e-06,1.12502057592213e-05,-7.33493986030835e-06,0.000272163096242289,-1.57605879665314e-08,-0.000117550411215238,3.15016238724587e-05,-2.7813699934702e-06,-7.4505994082793e-07,-2.39876568183296e-07,0.000470260169669962,1.68031581901202e-09,0.000183360665694983,1.12693832801467e-05,0.00312245504489555,-0.00131997751976065,-2.90528543600826e-07,-3.62491218286405e-07,5.39831241164662e-07,-0.00825299935147705,2.16691242314124e-08,2.58353747752346e-08,0.0032358445305244,-0.0347972209648034,4.14469525530925e-06,5.52492734623439e-07,0.0033994660997323,-3.97481978781534e-06,-0.275209578355264,4.22749530636167e-06,1.08428821619347e-06,3.63708693368325e-06,0.000119955613442714,-0.000949035705084145,1.76847383319845e-06,0.207061041968417,0.000493662849791418,0.00104133393930318,0.000528014863854946,1.21408959274927e-15,-7.61591492872311e-05,-2.7156055768118e-05,-1.41138186207646e-14,6.39931877067894e-07,2.51062452409304e-05,-1.387919755566e-10,2.03943606292291e-05,-1.8419147409447e-08,5.44995905913184e-09,-2.02871621254484e-09,2.95822025014013e-08,3.01692014181608e-05,2.59020065881965e-08,1.70540999466648e-06,1.03133965690533e-09,8.31458106548971e-07,-4.5066509796101e-07,-5.06022698948938e-16,-5.21876503159292e-16,-3.80833281750891e-06,2.51496938442203e-06,9.49098236284539e-09,2.07315831637217e-08,3.63012839907614e-08,-4.3336365060289e-06,-2.92292176445048e-05,1.79223385965432e-06,-8.64807304932789e-17,-1.85278667605335e-16,-2.62574421842129e-07,-1.75928202894365e-08,-1.14817010066215e-16,-2.37592194203136e-17,5.15467058832158e-17,2.71318121648883e-16,-3.07714988287823e-08,1.20550725994581e-05,1.73020223199512e-09,-0.000646244752641622,-1.83329261266044e-16,0.00392300116038731,-2.02487163703183e-10,-9.19403442267708e-17,1.56643308141935e-16,4.55048103558088e-16,-3.01466428339822e-08,-1.05104496204197e-09,4.32738765609054e-06,-1.70632340954413e-07,9.57007204101487e-05,3.54917207091481e-17,-7.05187151269108e-17,1.88412767327368e-17,5.28548559086683e-16,-5.70608337814018e-08,-1.25087651020225e-16,-6.41677891918128e-18,6.17453137230495e-17,-3.13758101000947e-16,7.91955504150665e-16,-5.77357464477286e-16,2.50139788973819e-16,0.707106781186548
"t157",-0.104092938600936,-0.045431596094802,0.0703691439282769,-0.18973810290051,0.0987959100042205,-0.00641808597061909,0.00292294459319162,-0.119449695466126,-0.00310671720488929,-0.000131022227688901,0.000705108901884267,-2.2891675610589e-05,0.00648018302285481,-0.00216402649366592,0.000369774271132807,-0.0751706770330342,-0.009640394678528,0.000228704665148384,-0.000106681465331458,3.9474153452311e-05,-7.00583469249517e-06,0.000772206573159956,-3.44020523679718e-06,0.000697598741295954,0.0214495782552792,0.292455152512246,0.384796802277103,0.234830146139604,-0.00458295647598147,0.00165203317110428,9.18432440106956e-05,-7.87545738210847e-05,-1.88975272762907e-06,-2.37720573660283e-05,-0.00141866985146204,0.000550439202086761,-0.000278170126220565,-8.80943095615512e-06,1.12502057593097e-05,-7.33493986029176e-06,0.00027216309624236,-1.57605881136298e-08,-0.000117550411215269,3.15016238724049e-05,-2.78136999362286e-06,-7.4505994089721e-07,-2.39876567774741e-07,0.000470260169669893,1.68031600819767e-09,0.000183360665694849,1.12693832800201e-05,0.00312245504489536,-0.0013199775197609,-2.90528543775836e-07,-3.62491218253215e-07,5.39831241389387e-07,-0.00825299935147669,2.16691240962049e-08,2.5835374636904e-08,0.00323584453052435,-0.0347972209648033,4.14469525528843e-06,5.52492734467612e-07,0.00339946609973244,-3.97481978769109e-06,-0.275209578355265,4.22749530638216e-06,1.08428821607356e-06,3.63708693381596e-06,0.00011995561344294,-0.000949035705084363,1.7684738337926e-06,0.207061041968418,0.000493662849791119,0.00104133393930336,0.000528014863854492,9.92695509127728e-16,-7.61591492873005e-05,-2.71560557680538e-05,-1.45347059041234e-14,6.39931877170785e-07,2.51062452413138e-05,-1.38791954040428e-10,2.03943606292787e-05,-1.84191468234358e-08,5.4499591768762e-09,-2.0287161898308e-09,2.95822028940993e-08,3.01692014180706e-05,2.59020062898241e-08,1.70540999480282e-06,1.03133982495666e-09,8.31458106375499e-07,-4.50665097733761e-07,-5.47656062371979e-16,-5.16747163569567e-16,-3.80833281802022e-06,2.51496938437866e-06,9.49098230885889e-09,2.07315829867799e-08,3.63012839720182e-08,-4.33363650632033e-06,-2.92292176441518e-05,1.79223385964739e-06,-3.52994177725539e-18,1.54509462817033e-16,-2.62574422038152e-07,-1.75928203228299e-08,-2.41234983378025e-16,5.49826575108893e-17,8.77729071343223e-17,1.11060598666491e-16,-3.07714989492914e-08,1.20550725994598e-05,1.73020223703835e-09,-0.000646244752641434,1.03190558450783e-16,0.00392300116038726,-2.02487383967007e-10,6.0281640790194e-16,-1.80381893743738e-16,-2.55800001880858e-16,-3.01466430243681e-08,-1.05104531580359e-09,4.32738765614171e-06,-1.70632341406308e-07,9.57007204104251e-05,-2.12089899298539e-17,-8.50185644990601e-17,-8.93034826773263e-17,-4.6447221069279e-16,-5.70608339742272e-08,8.70408976822404e-17,4.90519809074684e-17,-1.13272021970423e-16,1.12204603487497e-16,-1.29006503290986e-15,4.31065752225834e-16,-3.32415590899787e-16,-0.707106781186547
"t125",-0.105818422104311,-0.0464660725041045,0.0733892629697741,-0.202397794003313,0.108139715827528,-0.00713907130737908,0.00331884682970597,-0.142437077426273,-0.00370992002542899,-0.000171862195610402,0.00093840419493557,-3.58603870837459e-05,0.0124566598645526,-0.00438900172630363,0.00086440851145364,-0.207568537329542,-0.0275865182346566,0.00236436507598562,-0.00116224513006443,0.00217230339925197,7.20617169757803e-05,-0.00468278050381279,1.361389838122e-05,-0.00144803827676371,-0.0175148228452036,-0.219439063568401,-0.0984907957850364,-0.059233712924584,0.000683181259661624,-0.000218744951031609,-4.68774667587886e-06,3.63283923368596e-06,6.63836823098368e-08,-1.34498697364891e-06,-8.935981484459e-05,4.35161488882008e-05,-2.27630063331669e-05,-1.13976495543476e-06,1.50691124003316e-06,-1.11267217712527e-06,4.59609151483385e-05,-2.80750749220292e-09,-2.23302055544386e-05,6.39861569934341e-06,-5.88278440894624e-07,-1.59857318109851e-07,-5.14955257666224e-08,0.000102517914149551,3.67058083015335e-10,4.15618741298717e-05,2.61605224773434e-06,0.000730075892094307,-0.00031031685347844,-6.99557778839231e-08,-8.80376616105616e-08,1.33470359919529e-07,-0.00204912002810083,5.38697780951041e-09,6.44433414711919e-09,0.000806244757605793,-0.00865570444992245,1.02161795449002e-06,1.36077051272589e-07,0.000836984567016958,-9.74134531201657e-07,-0.0670893899089421,1.02097812030297e-06,2.59628697956365e-07,8.56669725742346e-07,2.81392040984987e-05,-0.000219087564436038,4.00058601176222e-07,-0.0327256567638878,0.000127619913197891,0.000255600806084558,0.000127626177976164,4.69242700251726e-16,-1.79618709952832e-05,-6.4019453822721e-06,-3.30139561521836e-16,1.50830059047542e-07,5.93725868626438e-06,-3.3129342711227e-11,4.89726221653556e-06,-4.57535309671738e-09,2.19058356155065e-09,1.01148734451151e-09,-2.00295288211097e-09,-1.4240211148194e-06,-1.12692709330897e-09,-3.66704712862626e-09,1.34317296868192e-12,1.31672942341177e-09,8.49044547342193e-10,3.16609023339721e-16,2.80791239250871e-16,8.31779428133762e-08,-7.36159484742566e-08,-2.84277553848854e-10,-8.71907563509966e-10,-2.73953447261859e-09,3.60905584242607e-07,5.70678902556219e-06,-3.55321786209284e-07,5.68352947907756e-19,-3.36643499249465e-16,1.24159852318666e-07,8.56768611531009e-09,-1.23599047663348e-16,1.30868591394247e-16,-1.92175686046347e-16,-1.36351614879242e-17,4.61585155570911e-08,-1.8319750264683e-05,-2.77996871423975e-09,0.00386209083789709,1.27928500720335e-15,-0.812812229316613,4.67814932665865e-08,-2.01748340256103e-15,-2.79332298615132e-16,2.88305482065602e-16,-5.99911024854079e-08,-2.07466030642468e-09,8.38947973835595e-06,-3.05108841772324e-07,0.35928100193815,-7.41289912205703e-16,-4.03757951174681e-16,5.71922364168573e-17,-2.84711490494693e-16,-6.31660027160925e-08,-3.4304087650533e-18,-4.27272838640524e-17,-7.06899816460549e-17,-6.9984569823839e-17,-1.31397731929914e-16,8.05501791052014e-17,-1.20454236086793e-16,8.3376235803264e-17
"t133",-0.106023245354202,-0.0465881389669904,0.0737390632800752,-0.203834322140543,0.109176707318792,-0.00721803459212684,0.00336150615809455,-0.144826036911507,-0.00377254445397322,-0.000175853714033592,0.000961013614178963,-3.70181734310016e-05,0.0129503441624184,-0.00456972221288533,0.000903041171999693,-0.217527509903601,-0.028926898250298,0.00250441294562934,-0.0012313015623811,0.00230711455153037,7.68090014978377e-05,-0.00500099618488568,1.45735062504358e-05,-0.00155861576229895,-0.0190971474611718,-0.239609881586788,-0.109704480328071,-0.0659951436926589,0.000767856474949763,-0.00024628444200315,-5.33314021123211e-06,4.13612190369207e-06,7.57133041171497e-08,-1.56420417468257e-06,-0.000104112662971906,5.09498221807961e-05,-2.66756692581891e-05,-1.36148095298497e-06,1.80419354835204e-06,-1.34563004649754e-06,5.62469888357661e-05,-3.46196887841133e-09,-2.78489432254552e-05,8.10528815053772e-06,-7.54424116278934e-07,-2.06055967658342e-07,-6.63914485598009e-08,0.000132978621733976,4.76526584799394e-10,5.49426431708954e-05,3.51188136693201e-06,0.000985482160020412,-0.000420769288320408,-9.72438260921183e-08,-1.23871282737875e-07,1.95152574325258e-07,-0.00304379859359723,8.0515030819463e-09,1.03490942054556e-08,0.00131351566066317,-0.0143227676056512,1.7902282634305e-06,2.39420670067515e-07,0.00147527556647473,-1.75636179255913e-06,-0.123941465993624,1.96263357305762e-06,5.16083445035732e-07,1.79016324153118e-06,5.92865596894662e-05,-0.000470600996549593,8.67916159207408e-07,-0.0721254019727821,0.000283737105232979,0.000574782969111088,0.000290319065890158,-4.19369400317393e-16,-4.47171278974978e-05,-1.60424796644878e-05,-1.6605640473788e-15,4.00021775718011e-07,1.63725887328634e-05,-9.62649107623904e-11,1.45664519177702e-05,-1.48166926761096e-08,9.90063418325905e-09,6.48848836432795e-09,-1.95971706748628e-08,-1.58660427589195e-05,-1.296135909018e-08,-2.54552922781116e-07,-8.36986079402746e-11,-3.06578302085303e-08,-9.25017332956829e-09,3.41874394392669e-16,-2.25162088634249e-16,-3.84660436787698e-07,2.9072751424504e-07,1.10826505683389e-09,2.78392640537528e-09,5.95172155761208e-09,-7.30866982245545e-07,-5.85113255667947e-06,3.59403808814635e-07,7.00613823208086e-18,3.71611403692912e-16,-5.25372909855257e-08,-3.50415039080667e-09,2.12503625807159e-17,-4.43475639347075e-17,-2.56747880826221e-17,-1.57128100871732e-16,-2.79003001138565e-09,1.06395149843813e-06,1.34112254030557e-10,0.000315510011749806,1.99540602615637e-16,-0.105622702980518,6.08609523874692e-09,1.43114686768087e-16,4.91013730945971e-16,-4.20840161047243e-16,-1.58407791228839e-08,-5.47975844008512e-10,2.2143530754911e-06,-7.61425695465587e-08,-0.86315940272564,1.68341310241058e-15,1.04085649647704e-15,-1.08218674961733e-16,8.18138959357562e-16,-3.14784513103092e-08,1.18713652729642e-16,1.10333174788708e-16,8.10712174476036e-17,1.01371764046175e-16,-4.20465427293702e-16,-3.11403708328778e-16,9.27628324170184e-17,-4.03502820553374e-16
"t152",-0.106181670828139,-0.0466825519904448,0.0740095987829662,-0.204945245680982,0.109978586832205,-0.00727909194142306,0.00339448998732958,-0.146672923507362,-0.00382095875814225,-0.000178938886772476,0.000978488677949143,-3.79128092956857e-05,0.0133317344306298,-0.00470932929599083,0.000932881868447047,-0.225219284997301,-0.0299621171523742,0.00261254310714812,-0.00128461936090914,0.002411193122379,8.04736652894936e-05,-0.00524662839875974,1.5314180245175e-05,-0.00164395135811735,-0.020317816088156,-0.25516982098177,-0.118350040681349,-0.0712080547266567,0.000833123786256841,-0.000267510787278725,-5.83044777055768e-06,4.52391840824809e-06,8.29017690008246e-08,-1.73302725558252e-06,-0.00011547358373128,5.66736757869234e-05,-2.96883133189697e-05,-1.53211762767306e-06,2.03297502689853e-06,-1.52486700818707e-06,6.41589169651704e-05,-3.9652876843905e-09,-3.20921163742965e-05,9.41705347997247e-06,-8.82092477692831e-07,-2.41551844500326e-07,-7.78364066838415e-08,0.000156379551733664,5.60622384686292e-10,6.52183246539136e-05,4.19962424544687e-06,0.00118154141867121,-0.000505549485776115,-1.18179864422097e-07,-1.51357801690473e-07,2.42435770181101e-07,-0.00380608630622617,1.00933044379293e-08,1.33380851518691e-08,0.00170174094996655,-0.0186589811921623,2.3779088224804e-06,3.18433467285875e-07,0.0019632792157072,-2.35425070293116e-06,-0.167383771780104,2.68186764614616e-06,7.11895186131955e-07,2.50257045293287e-06,8.30552349083509e-05,-0.000662498071219738,1.2248454551618e-06,-0.102179371688261,0.000402813694436929,0.000818211905267603,0.000414387225118389,5.8113236445223e-17,-6.51060802745046e-05,-2.3388737526487e-05,-2.89449453988455e-15,5.89834886828892e-07,2.43193027586949e-05,-1.44328269885955e-10,2.19263401390117e-05,-2.26084429122853e-08,1.57582115714551e-08,1.06453982829345e-08,-3.2940326809977e-08,-2.68166928646034e-05,-2.19344515675624e-08,-4.44590532141088e-07,-1.48088886205849e-10,-5.48593754295251e-08,-1.68895906106289e-08,3.51487994682769e-17,-1.01875497765384e-15,-7.38031412056243e-07,5.65812558386142e-07,2.15961901239538e-09,5.5423525820858e-09,1.24997913700188e-08,-1.55315586588232e-06,-1.45219424863069e-05,8.95543831275908e-07,-3.1985853308879e-17,-4.87133772547721e-17,-1.84145467974767e-07,-1.24928031841371e-08,1.10480201376273e-16,4.55855768213672e-17,1.31489709669505e-17,3.38995818445518e-17,-3.87304345736135e-08,1.52939051223967e-05,2.27178535169528e-09,-0.00224694942209193,-7.72560305448494e-16,0.400056816954251,-2.30122071570456e-08,7.02563007770607e-16,-2.29565852459863e-17,5.38429253491549e-18,1.05027159044355e-08,3.56421271633539e-10,-1.37795277964804e-06,3.71303712203702e-08,0.250869237875663,-3.3801509637186e-16,-2.0959215641648e-17,-3.51322861387119e-17,-5.1087606367517e-16,-3.78774713980998e-09,-7.21707753121314e-17,1.03213647590391e-16,1.78188627047993e-16,-9.93022183723309e-17,8.89874493716935e-16,0.707106781186548,-9.17001156438698e-16,1.47220710845276e-16
"t153",-0.106181670828139,-0.0466825519904448,0.0740095987829662,-0.204945245680982,0.109978586832205,-0.00727909194142307,0.00339448998732961,-0.146672923507362,-0.00382095875814225,-0.000178938886772471,0.000978488677949118,-3.79128092956866e-05,0.0133317344306298,-0.00470932929599082,0.000932881868447019,-0.225219284997301,-0.0299621171523743,0.00261254310714817,-0.0012846193609092,0.002411193122379,8.04736652894775e-05,-0.00524662839875981,1.53141802451636e-05,-0.00164395135811745,-0.0203178160881561,-0.25516982098177,-0.118350040681349,-0.0712080547266567,0.000833123786256889,-0.000267510787278738,-5.83044777062187e-06,4.52391840829493e-06,8.29017689765385e-08,-1.73302725546749e-06,-0.000115473583731273,5.66736757870893e-05,-2.96883133190321e-05,-1.53211762772814e-06,2.0329750269471e-06,-1.5248670081592e-06,6.41589169651288e-05,-3.96528778854279e-09,-3.20921163742228e-05,9.41705347995599e-06,-8.82092477720586e-07,-2.41551844264187e-07,-7.7836406837988e-08,0.000156379551733234,5.60622402555935e-10,6.52183246539408e-05,4.19962424542605e-06,0.00118154141867084,-0.000505549485776465,-1.18179864145822e-07,-1.51357801495066e-07,2.42435770363406e-07,-0.00380608630622596,1.00933042852521e-08,1.33380853697599e-08,0.00170174094996656,-0.0186589811921619,2.37790882262612e-06,3.18433467329514e-07,0.00196327921570739,-2.35425070286069e-06,-0.167383771780104,2.68186764641059e-06,7.11895186028766e-07,2.50257045301874e-06,8.3055234908252e-05,-0.000662498071219573,1.22484545520083e-06,-0.102179371688261,0.000402813694437052,0.000818211905267712,0.000414387225118324,7.15573433840433e-17,-6.51060802743832e-05,-2.3388737526395e-05,-2.72134745293862e-15,5.89834886824799e-07,2.43193027586238e-05,-1.44328245106854e-10,2.1926340138754e-05,-2.26084430979007e-08,1.57582113722871e-08,1.06453981703401e-08,-3.29403268704755e-08,-2.68166928648118e-05,-2.19344518243014e-08,-4.44590532112953e-07,-1.48089042114122e-10,-5.48593752404403e-08,-1.68895905212907e-08,-1.33105825172731e-16,-2.17653576625742e-16,-7.38031411717539e-07,5.65812558313283e-07,2.15961882190784e-09,5.54235244504264e-09,1.24997912620187e-08,-1.55315586575916e-06,-1.45219424869955e-05,8.95543831033047e-07,1.57903287936984e-16,7.92766893066068e-17,-1.84145467744916e-07,-1.24928029549909e-08,4.33247188125208e-16,-5.59309068925571e-17,6.06033214662425e-17,7.10483897778182e-17,-3.87304345149039e-08,1.52939051224479e-05,2.27178559622691e-09,-0.00224694942209176,-6.14320946631984e-16,0.400056816954251,-2.30122078253226e-08,1.36349265211777e-15,-1.16306726739938e-16,2.29653837855064e-16,1.05027152634551e-08,3.56421165463041e-10,-1.37795278013463e-06,3.71303711511981e-08,0.250869237875663,-6.07711322287872e-16,-2.74879362062575e-16,1.05091302086426e-16,2.64545330086463e-16,-3.78774702390876e-09,4.91954171338539e-17,-1.15083573130059e-16,1.56260638109473e-16,-5.62689582326406e-17,-9.89481554518139e-16,-0.707106781186548,9.99274831117035e-16,-4.03553992967172e-16
"t75",-0.104455188864339,-0.0456529013123128,0.0710524463620886,-0.192771872100407,0.101168421832959,-0.00660721588820085,0.00303084740000951,-0.126227080313489,-0.00328493030671817,-0.00014455338057023,0.00078354579472657,-2.78476798469515e-05,0.00900842989825131,-0.00312429815890029,0.000592870622269662,-0.137285185948438,-0.0181199728927554,0.00136231834345997,-0.000668034218687008,0.00120441972751065,3.78211215955956e-05,-0.00238186849125609,6.65423039170011e-06,-0.000640435155225975,-0.00576704764052696,-0.0694083971880781,-0.012962427955074,-0.00764625217737836,3.00035634383886e-05,-5.84477253795252e-06,3.66886782884011e-07,-3.12515768182212e-07,-6.91383749557017e-09,4.19409239189029e-07,2.96458848307807e-05,-1.68124045259906e-05,9.02596726461841e-06,7.04384613589917e-07,-9.72729563468791e-07,8.54372107880427e-07,-4.2151813657223e-05,2.85036004670848e-09,2.60344357975973e-05,-8.84011621396247e-06,9.17175464059533e-07,2.61302074287069e-07,8.43331510330138e-08,-0.000177247910283746,-6.39368793007195e-10,-8.41151900542502e-05,-5.95112838531857e-06,-0.00172822751698037,0.000758404073473343,2.01814235136797e-07,2.73865752955337e-07,-5.17483915167139e-07,0.00863770079583875,-2.34411392515618e-08,-3.93256888326747e-08,-0.00523457966843844,0.0599898808200242,-8.88486063743699e-06,-1.20169334407066e-06,-0.00744151408155711,9.4196580554492e-06,0.708077268409554,-1.23657525333363e-05,-3.51533082400314e-06,-1.36081889635614e-05,-0.000458554646858244,0.00378874913021331,-7.13049751829625e-06,0.611591560523348,-0.00244791795643944,-0.00507042017049217,-0.00261845961374372,1.31188462870746e-15,0.000475544315370811,0.000172550487319463,2.45759359043807e-14,-4.73420492953844e-06,-0.000206346472378658,1.31579043196498e-09,-0.000206214025900479,2.37091436779201e-07,-2.40205916231858e-07,-2.24766599623194e-07,9.61267570381927e-07,0.000853113940618352,7.12047390043213e-07,2.83734343620045e-05,1.49819082144627e-08,1.09346115029132e-05,-5.12003247123746e-06,-4.91592980028935e-16,1.94867446861663e-15,-3.35790847768907e-05,2.09905512687861e-05,7.88529863582514e-08,1.60337880099684e-07,2.44036660381172e-07,-2.84047543377729e-05,-0.000152721362265809,9.32666953241956e-06,-9.97016386917648e-17,-2.58210698598587e-16,-1.11119865194194e-06,-7.40108563836628e-08,-8.75276413847548e-16,-2.18182274584685e-16,3.05139844212316e-16,3.36146944856428e-16,-1.11050647150495e-07,4.34670062913556e-05,6.2165704664007e-09,-0.00240386469921998,-2.45469854634797e-16,0.0887533247990018,-5.03722897217317e-09,-1.30104260698261e-17,-3.17873128332533e-17,-1.19993582297986e-16,-7.40665019784842e-08,-2.57995315559932e-09,1.05998945805121e-05,-4.1306056547505e-07,0.00147399756532627,-3.05005224983823e-17,-1.59018312570403e-16,-1.96047591159794e-16,-1.26851654180804e-16,-1.24232910885945e-07,-1.2554335178319e-16,-5.02124082855166e-18,-2.08681813149147e-16,1.838204023646e-16,2.7626637883826e-16,-1.76196199924108e-16,-1.03319103118963e-16,-1.91898374346538e-16
"t117",-0.100189161344377,-0.0431000156270879,0.0636426370177833,-0.16191381737288,0.078556692918895,-0.00487008640656417,0.00208217281146183,-0.0718275785630271,-0.00185796240348181,-5.00434733575354e-05,0.000245390719162348,1.10079576514315e-06,-0.00388067043661915,0.00163610632330124,-0.000445235213474247,0.135202991122291,0.0186746582005833,-0.00268760793609246,0.00133051600446459,-0.00273902966544557,-0.000102877568985025,0.00710317466444411,-2.20991065454561e-05,0.00268109879664728,0.0367991156970755,0.4550890362539,-0.384741755500556,-0.247055806275172,0.0173244485911739,-0.00786982906742073,-0.00506809090288785,0.00862168945648107,-0.000183837398994976,-0.0001625789362449,-0.00917244324430312,0.00313477598123657,-0.00155247661679246,-3.65466301601883e-05,4.55140342884852e-05,-2.69855531778665e-05,0.000914990631289949,-5.04463996098119e-08,-0.000352678838083388,8.74859901374701e-05,-7.31514339070635e-06,-1.91818765587137e-06,-6.17046583852123e-07,0.00118031986953453,4.20321720409158e-09,0.000428006733458593,2.48759829865088e-05,0.00675890397019495,-0.00281203536761091,-5.67214791256353e-07,-6.78112020603147e-07,8.7737917321243e-07,-0.0126110246575162,3.22944329247627e-08,2.72485661653499e-08,0.0031268542751265,-0.0302617401137929,2.0755211803912e-06,2.61776470171942e-07,0.00156992060268597,-1.2235149753683e-06,-0.037674849466996,-6.60336800347876e-07,-4.53509693764642e-07,-3.04491707717419e-06,-0.000109012862306404,0.00102204917456956,-2.04594485959963e-06,-6.29971216504313e-05,-0.000746206294505642,-0.00165019706805276,-0.000894299743884923,4.41432914527473e-16,0.000209000156066973,7.68635587583937e-05,2.09658137205471e-14,-2.33158047625431e-06,-0.000107428445055993,7.28882495686898e-10,-0.000117011421205036,1.4472035007724e-07,-1.72763491890882e-07,-1.75386039825355e-07,7.89631363353643e-07,0.000708128911346168,5.92386136401279e-07,2.4853628317806e-05,1.33630120292784e-08,9.8963569273706e-06,-4.74466140511004e-06,4.34160874852516e-16,8.54838350433614e-17,-3.26323100701572e-05,2.0633881951082e-05,7.75885884617418e-08,1.60254075200032e-07,2.5202233407135e-07,-2.95168226984608e-05,-0.000168385307688404,1.02946365607374e-05,-6.50396499612548e-17,7.28462857438918e-17,-1.29894689205549e-06,-8.66543128912208e-08,3.91315669104331e-16,-4.71767381178457e-17,-7.40042991300004e-17,-4.67997920606024e-16,-1.33725965513839e-07,5.23348232002148e-05,7.47902839581435e-09,-0.00259402022696945,-2.72696292826675e-15,0.00258171214495521,-5.49380527642197e-11,4.00113969734051e-15,-0.707106781186548,6.17027614771092e-14,-1.11683839252707e-07,-3.88997711586441e-09,1.59802178143556e-05,-6.2290585531278e-07,5.97759344588317e-05,-6.70233568001832e-17,5.41714820304293e-16,3.44914807944558e-16,-2.01824234408177e-16,-1.92217889235464e-07,2.16424214766742e-16,4.25355417547186e-17,-8.3510672335696e-17,-1.18016393199774e-16,1.33248901950677e-16,-4.03653705285695e-17,6.07099165540049e-17,-5.2024512385795e-17
"t118",-0.100189161344377,-0.0431000156270879,0.0636426370177833,-0.16191381737288,0.078556692918895,-0.00487008640656418,0.00208217281146184,-0.0718275785630272,-0.00185796240348181,-5.00434733575294e-05,0.000245390719162333,1.10079576513224e-06,-0.00388067043661916,0.00163610632330126,-0.000445235213474147,0.135202991122291,0.0186746582005833,-0.0026876079360924,0.00133051600446473,-0.00273902966544555,-0.000102877568985061,0.00710317466444409,-2.20991065453415e-05,0.00268109879664735,0.0367991156970755,0.455089036253901,-0.384741755500556,-0.247055806275172,0.017324448591174,-0.00786982906742081,-0.0050680909028878,0.0086216894564812,-0.000183837398994864,-0.00016257893624491,-0.00917244324430323,0.00313477598123651,-0.00155247661679237,-3.65466301601638e-05,4.55140342887953e-05,-2.69855531779966e-05,0.000914990631289962,-5.04463997045757e-08,-0.000352678838083313,8.74859901375113e-05,-7.31514339065366e-06,-1.91818765631836e-06,-6.17046583690245e-07,0.00118031986953466,4.20321753800679e-09,0.000428006733458553,2.48759829864372e-05,0.00675890397019505,-0.00281203536761098,-5.67214791429719e-07,-6.7811202067083e-07,8.77379173252554e-07,-0.0126110246575165,3.22944331634998e-08,2.72485658048272e-08,0.00312685427512683,-0.0302617401137926,2.07552118050222e-06,2.61776470367092e-07,0.00156992060268545,-1.22351497549772e-06,-0.0376748494669961,-6.60336800576032e-07,-4.53509693608998e-07,-3.04491707682519e-06,-0.00010901286230651,0.00102204917456992,-2.04594485942464e-06,-6.29971216502308e-05,-0.000746206294505562,-0.0016501970680525,-0.000894299743884617,3.17671236538253e-17,0.000209000156066771,7.68635587583871e-05,2.10183162107497e-14,-2.33158047637029e-06,-0.000107428445056098,7.28882385912765e-10,-0.000117011421204716,1.44720349893834e-07,-1.7276349198247e-07,-1.75386039689979e-07,7.89631364033492e-07,0.000708128911345928,5.92386136999759e-07,2.48536283171413e-05,1.33630122569066e-08,9.89635692742437e-06,-4.74466140503913e-06,-6.36380350259707e-16,-2.70643305743816e-16,-3.26323100698127e-05,2.0633881951108e-05,7.75885884742305e-08,1.60254074507444e-07,2.52022334122919e-07,-2.95168226986638e-05,-0.000168385307687483,1.02946365610921e-05,1.1086571069003e-16,-1.30983722679904e-16,-1.29894689277637e-06,-8.66543111233614e-08,-3.54994896326066e-16,-6.54029437797726e-18,3.91902664180467e-17,4.44371153516807e-16,-1.33725965969218e-07,5.23348231994351e-05,7.47902751217009e-09,-0.00259402022696905,1.68756320940616e-15,0.00258171214495503,-5.49359526174292e-11,-3.98357562214624e-15,0.707106781186548,-6.16938085013268e-14,-1.11683841726531e-07,-3.88998036948059e-09,1.59802178130134e-05,-6.22905859923621e-07,5.97759344596054e-05,-6.41557897818593e-18,-4.85241477317988e-16,-3.76228370806003e-16,5.53214158510729e-17,-1.92217888682317e-07,-1.759057633312e-16,-2.71157996979391e-17,-1.93597850424443e-17,7.66169547653918e-17,-2.12828431654712e-16,-1.25067818373523e-16,-1.27390632158543e-17,-4.16316442352273e-16
"t16",0.0270062738495579,0.121250613503158,0.0172183740428632,-0.00104184039744011,-0.000345366679291994,0.002317731867396,-0.0443265244995851,-0.000691424604787859,0.000263217683666654,0.0387025513069405,-0.00220574683305331,2.53645988735049e-05,-0.0873708716879993,0.0315058429680153,0.000543369740107217,-0.0103344008213965,0.033754939438787,-0.00542683776725961,0.00117104743417632,-0.00685089525921448,-0.0238595472688222,0.00179033570031956,9.46316924673287e-06,0.000380447219447701,0.0311588513748096,-0.00309517143296769,-0.0087382997734521,0.0153410888749438,-0.00705414345623328,0.00100454289357723,-0.128398532833129,-0.032281222948585,-0.00275499652702663,-0.00268308815613082,-0.0564254359758856,0.11208129100365,0.370246900519419,-0.0695936985951951,0.0119194339861677,0.700317654780498,0.10365894091386,7.44237862328552e-06,-0.0189384766062036,0.290256652166521,0.417619896620295,-0.0764332503587368,0.0231486641165152,-0.000202345594620925,-2.8352227300226e-06,0.0839056366914058,-0.000652904748052767,-0.00181755092261142,0.00276554320635966,-0.000135597542667441,0.00290176305855669,3.15021332353033e-05,-7.82525959260086e-05,0.00652253189642451,-0.016492792405705,0.000197550275748959,6.0552392308262e-06,4.5854454569054e-06,8.22939309561088e-05,4.92840626482604e-05,-0.00264741492783807,-4.9890272602603e-05,-0.000366814891872168,-0.000139116205723042,-0.000170603421910633,-0.000978832718194253,0.0113901446349503,0.000350700599359568,-2.94778080520043e-06,-0.0140694429121887,-0.0381417655334779,0.0706591291237428,-4.07768437071798e-16,-0.0302444864286808,0.0189182421688506,1.72643995453858e-12,0.000636639902826799,0.0627986946037642,-9.1564031541164e-07,-0.000103111440437593,-0.000967174734084137,0.0054904114845275,0.000426620417007497,-0.0164924404157708,-1.42901532484404e-05,-3.61433898435348e-07,-3.21989061466632e-06,-2.85795391586512e-07,-0.00455770763499876,0.00178395045518931,1.61886028474435e-16,4.71054864576054e-17,1.56762779573972e-05,-0.0049292514501269,0.000518400175515439,-1.56013054762334e-06,-0.00236393163386721,0.0091480382115919,9.44954165392042e-06,-0.000695863363120628,-2.10978309389851e-16,7.51000970962373e-17,1.25082885728354e-07,0.00410509097353931,-1.44903620352688e-16,7.1101906010325e-17,7.3039642596898e-17,1.0505606466683e-16,1.58127712358792e-06,-2.27639089493172e-06,-8.56735466491926e-08,2.97871663500161e-06,1.94907505963283e-13,-3.37290558417164e-08,-5.54639127287906e-05,-8.8037216405823e-16,-1.09404717484768e-16,3.68471441246105e-16,-0.00819593740026173,-2.60997208140269e-08,2.10601249113485e-07,-2.93582548982095e-08,8.6157337895478e-09,-8.90264744894532e-17,-5.27425356536057e-17,-2.62762539198093e-16,-1.458251921993e-17,-5.87736413458831e-09,2.4690685414947e-17,-1.13620707136858e-16,1.75708514578432e-16,-9.19064122476527e-17,-3.31222345345783e-16,4.99463856026264e-18,-1.0834109700806e-16,-2.22732970018846e-16
"t119",0.0362924032727351,0.184726648499294,0.0432837714495653,-0.00743210341444211,0.00333279890080203,-0.0100757348724699,0.121934291051422,0.00124972103599492,-0.00047346489046728,-0.229276442896636,-0.026812976337432,-6.9440757829912e-06,0.0445009955531657,-0.0184109570772606,-0.00051123937154709,0.0336559137311734,-0.229770988015723,-0.00146653976997734,0.00031071799647638,-0.00155180052342948,-0.0444135471072198,-0.000132714599592147,-8.01824616731128e-08,-6.04888977456071e-07,-0.000560530104554667,5.98208534984739e-05,0.000269212436635588,-0.00047429314270868,0.000245536628613791,-3.5988274863861e-05,0.00970922990371783,0.00389671178128378,-8.59691411903486e-05,8.47135913925408e-05,0.00181061922385939,-0.00374052955020921,-0.0124409243397321,0.00272135236013821,-0.0004765926187169,-0.0315280734065507,-0.00578604223087484,-5.18301883707956e-07,0.00259758851721143,0.0319686031158702,0.0042577228368198,-0.0835795399808072,0.00905874524811192,-6.86389335109424e-06,-8.78358271233821e-08,0.000776230921670832,-2.3527948381165e-06,-4.26668972591123e-06,4.14517165395127e-06,1.82172752494147e-07,-5.87227604403239e-06,-7.59228787223106e-08,1.45678934067826e-07,0.00112513982733447,-0.38755668231983,-7.89935295546148e-06,-1.43621988335519e-07,-6.37540870209244e-08,-1.1254639512528e-06,-6.69353916600809e-07,3.34488784181607e-05,5.96162072205841e-07,4.11250687746196e-06,1.50090247101794e-06,1.76434530291188e-06,1.00650380341107e-05,-0.000115674567159042,-3.54073288118571e-06,2.9504505371409e-08,0.00014019074729498,0.000377954342426361,-0.000696505209501527,-2.48499137933678e-16,0.000288871425245558,-0.000180383209942597,-1.62982149477797e-14,-5.99735988822492e-06,-0.000588280264231819,8.54154929664764e-09,9.61267563903291e-07,9.05984327938251e-06,-0.00481474165674996,-4.22402525795981e-06,0.00419422228540956,-1.10819469143907e-07,-1.77374302225142e-09,1.67625910419001e-08,1.67773505309853e-09,2.88658580742216e-05,-1.28573390931189e-05,1.50248704528473e-15,-3.94927664395658e-16,-2.65769020210601e-07,0.000798054427584129,-0.154197267594165,-8.25458118915504e-09,2.26654711686365e-05,-1.23433284958093e-05,-1.72432901938415e-08,1.2577364032389e-06,1.10206259871436e-16,-1.91752358778798e-16,4.0680942590271e-09,0.0116501552218127,-2.81914248889681e-15,-3.92319022911867e-16,4.41633205770594e-16,1.34088118507598e-15,-3.84636591696337e-09,5.47632019853167e-09,1.96451384158405e-10,1.17455848497837e-09,3.4494348531092e-15,-2.20072014742471e-08,-0.381276183701893,-1.88607809925578e-15,-6.13059895820808e-14,-0.707106781186547,-0.00918388516326785,5.13450983888268e-09,-1.15755633341456e-08,3.78242455585653e-10,-5.24458353942702e-11,-1.19882868363363e-15,-1.25637613482847e-16,2.09754631234655e-15,1.24357989184087e-16,1.13268547915612e-11,-1.67839944317018e-17,2.07532430036845e-16,-3.72682638330631e-16,-8.57286524367363e-17,-8.87217896007631e-17,-1.16233607514066e-16,-2.8079698838095e-16,9.21654783988763e-17
"t120",0.0362924032727351,0.184726648499294,0.0432837714495653,-0.00743210341444213,0.00333279890080204,-0.0100757348724699,0.121934291051422,0.00124972103599491,-0.000473464890467313,-0.229276442896636,-0.026812976337432,-6.94407578301389e-06,0.0445009955531657,-0.0184109570772606,-0.000511239371547082,0.0336559137311734,-0.229770988015723,-0.00146653976997736,0.000310717996476425,-0.00155180052342947,-0.0444135471072198,-0.000132714599592166,-8.0182461649213e-08,-6.04888977481983e-07,-0.000560530104554638,5.98208534984747e-05,0.000269212436635593,-0.000474293142708692,0.000245536628613818,-3.5988274863861e-05,0.00970922990371791,0.00389671178128378,-8.59691411902959e-05,8.47135913924913e-05,0.00181061922385949,-0.00374052955020918,-0.0124409243397322,0.00272135236013831,-0.000476592618716788,-0.0315280734065508,-0.00578604223087501,-5.18301883818469e-07,0.0025975885172116,0.0319686031158699,0.00425772283681965,-0.0835795399808076,0.00905874524811155,-6.86389335130978e-06,-8.78358270114064e-08,0.000776230921670863,-2.35279483805568e-06,-4.26668972584271e-06,4.1451716538949e-06,1.8217275269299e-07,-5.87227604393984e-06,-7.59228786114054e-08,1.45678934042348e-07,0.00112513982733445,-0.387556682319831,-7.89935295541843e-06,-1.43621988308214e-07,-6.37540876809867e-08,-1.12546395093313e-06,-6.69353916692289e-07,3.34488784183067e-05,5.96162072607971e-07,4.11250687731424e-06,1.50090247133989e-06,1.76434530250883e-06,1.00650380345741e-05,-0.000115674567159002,-3.54073288069505e-06,2.95045055062047e-08,0.000140190747295428,0.000377954342425998,-0.000696505209501478,-8.21960772015573e-16,0.000288871425245502,-0.000180383209942734,-1.63937196066485e-14,-5.99735988828345e-06,-0.000588280264231786,8.54154940940703e-09,9.61267563412073e-07,9.05984327913783e-06,-0.00481474165674977,-4.22402525845285e-06,0.00419422228541044,-1.10819468865213e-07,-1.7737437343554e-09,1.67625917372904e-08,1.67773532420328e-09,2.88658580738009e-05,-1.28573390938753e-05,1.40577621149893e-15,-3.33606960534233e-16,-2.65769020706271e-07,0.000798054427583816,-0.154197267594166,-8.25458111629665e-09,2.26654711684643e-05,-1.23433284954855e-05,-1.72432909977774e-08,1.25773640334884e-06,-2.55883113105949e-16,4.48360603866198e-16,4.06809452655399e-09,0.0116501552218125,-1.09485445883017e-15,3.87815661392004e-16,-1.39468095427231e-16,-3.43665957637674e-16,-3.84636533696264e-09,5.47632045722231e-09,1.96453688827693e-10,1.17455849657933e-09,5.88881798514904e-15,-2.20072013025366e-08,-0.381276183701891,-6.49881624209536e-15,6.22925754827146e-14,0.707106781186548,-0.00918388516325267,5.13451012552371e-09,-1.1575563729771e-08,3.7824141315237e-10,-5.24465900667449e-11,1.2273765386886e-15,-2.95640513704348e-16,-2.05299149644418e-15,7.38558519897126e-16,1.13269648990681e-11,1.77005162270197e-16,2.07322008747685e-17,-1.35869166937273e-16,8.51471150153812e-17,5.0056088074586e-17,-2.70266390230476e-17,2.12333311379387e-16,-3.24168155866441e-16
"t116",0.0362614577423017,0.184513071299448,0.0431932306010533,-0.00740902466510577,0.00331886207244717,-0.0100272300901644,0.121253748932185,0.00124066629226504,-0.000470012792843784,-0.226995284251427,-0.0265365398050813,-6.84914467975122e-06,0.0437611497900827,-0.0180935663648006,-0.000501715546907233,0.0329856047364552,-0.225140189729521,-0.00143098148111605,0.000303162562512723,-0.00151251668598028,-0.0432256091709874,-0.000129062255262235,-7.79006227799527e-08,-5.86372350404644e-07,-0.000540567575135109,5.76572595818336e-05,0.00025745767462114,-0.000453537533909296,0.000234000175702071,-3.42745293142889e-05,0.00921031587475505,0.00369542051699857,-8.14741345096271e-05,7.97027203011063e-05,0.00170238456342063,-0.00351060332204608,-0.0116723265589705,0.0025356291387927,-0.000443702208939292,-0.0292479440905724,-0.00534535319080862,-4.77571566104751e-07,0.00238420670403827,0.0291888033443574,0.00387164074736263,-0.0758732028677618,0.00822293813292049,-6.21825081058942e-06,-7.95516289958435e-08,0.000698940546475993,-2.10826926355569e-06,-3.81670590966704e-06,3.70282429231294e-06,1.61502902566736e-07,-5.18717737599611e-06,-6.63210256874953e-08,1.26690123173484e-07,0.000976799992169067,-0.330077612529414,-6.7032380074074e-06,-1.21401486804475e-07,-5.31526645865601e-08,-9.37432630532261e-07,-5.57293180081898e-07,2.77050316475974e-05,4.91116503305273e-07,3.35898191148611e-06,1.21741953990871e-06,1.41699766592813e-06,8.07079214999836e-06,-9.24166737422121e-05,-2.82358369263274e-06,2.3460499779082e-08,0.00011129587030555,0.000299441039900431,-0.000550694092895235,-2.0763826855813e-16,0.000224957117598869,-0.00014032592532425,-1.30052218993981e-14,-4.62480233119829e-06,-0.000451052559988404,6.50119287286186e-09,7.29346232709914e-07,6.79992442945993e-06,-0.00349155375624916,-2.98611572076835e-06,0.00290399689298258,-7.63609158404172e-08,-1.22088532599623e-09,1.12202323398861e-08,1.10998235987791e-09,1.89021341152338e-05,-8.26403696512878e-06,7.65324632452134e-16,-3.82574009574384e-16,-1.62954903548381e-07,0.000482550439144918,-0.0931211427623533,-4.87993227836318e-09,1.26822661668409e-05,-6.82094111354684e-06,-7.97429098897988e-09,5.78802973407377e-07,-9.82127141557454e-16,-2.75008978635224e-16,1.11507099311448e-09,0.00309155816924026,3.49874751566503e-15,2.2935642763084e-16,-2.84534148588586e-16,-6.12091775491615e-16,8.76535941780752e-10,-1.28960910602671e-09,-5.2748421062321e-11,-1.36339614164455e-09,-4.61793027729928e-15,4.83884594429542e-08,0.840273724583801,8.42191984554153e-15,-1.400436151965e-15,-1.12853686574495e-15,-0.0336930470064926,1.85495410106793e-08,-4.04310046501349e-08,1.13644413332419e-09,-1.29735697980752e-10,-1.29552236203346e-17,2.95370754111816e-16,6.40573585140142e-17,-1.26472183420434e-16,1.99567212934163e-11,-1.0406960173078e-16,-3.14906920580025e-16,4.04271885065532e-17,7.44979807200607e-17,-3.11258797288434e-17,-4.01953977292377e-16,-1.0122732552573e-17,-1.80805894992985e-16
"t95",0.0360661680216556,0.18316466456525,0.042620856238046,-0.00726291938179157,0.00323049810067345,-0.00971942010663477,0.116930371742776,0.00118300745116896,-0.00044802908584626,-0.212413470827441,-0.0247685726585223,-6.23908703122434e-06,0.0389864570760221,-0.016043431928576,-0.000440074482121076,0.0286390774753052,-0.195102084165618,-0.00119895315865443,0.000253856116264963,-0.00125577772443013,-0.0354455664301269,-0.000105115188222202,-6.29188295096363e-08,-4.64412115618691e-07,-0.000408105220086972,4.3288763987993e-05,0.000178510631932731,-0.000314118654000571,0.000156128215210313,-2.26954311474456e-05,0.00581989852876915,0.00232695774228765,-5.08856391389423e-05,4.52399967033055e-05,0.000957263842938307,-0.00192353806143659,-0.00636450309738801,0.00123993496705441,-0.000213964705400891,-0.0132373335670809,-0.00223181530405112,-1.8868104570735e-07,0.000861976676705844,0.00920174501837501,0.00107857856338808,-0.0199815892420734,0.00216047523805257,-1.52110937501988e-06,-1.92577046022274e-08,0.000131431265303839,-2.99539190792104e-07,-4.79519237697482e-07,4.15268446968107e-07,6.08874773288062e-09,-7.23063676540552e-09,7.54242747044945e-09,-2.04002237871523e-08,-0.000175355822530017,0.130051586050582,2.92776910774576e-06,5.86320348437292e-08,3.46698041889942e-08,6.22601400208986e-07,3.73065254063767e-07,-2.0385647580454e-05,-3.96219855441985e-07,-3.0964720954146e-06,-1.2392645167615e-06,-1.64336575764754e-06,-9.54643280838056e-06,0.000114313293968734,3.57084126712307e-06,-3.06954919716549e-08,-0.000148308045024582,-0.000408409661049945,0.000768464660664259,-8.713732860266e-16,-0.000368540471241723,0.000232311890500585,2.12275807825665e-14,8.33982018243921e-06,0.000858231380991978,-1.32193281865606e-08,-1.52477328600438e-06,-1.55942879215058e-05,0.0104723021332367,1.07231311424452e-05,-0.0119744301158689,3.2479584582989e-07,5.22916337140911e-09,-5.71876641036677e-08,-6.06890893813908e-09,-0.000109833168011831,5.34966112972079e-05,-5.97116382668697e-15,-1.59011587061263e-15,1.37377651612559e-06,-0.0043901798988017,0.852941119997244,5.01610731941989e-08,-0.000175049932559145,0.000100657640803466,3.27536279043036e-07,-2.45483296873821e-05,2.74517649139102e-15,-1.94459219060198e-15,1.20915986197366e-07,0.318148215462577,-4.27660836431476e-15,-3.80161891012604e-16,-6.45026554685695e-16,-4.26855242127138e-16,-2.47510501326643e-08,3.48980730245771e-08,1.2013976425653e-09,2.91667684568144e-09,1.28018263410624e-14,-2.91661264745517e-09,-0.046600858162626,-3.95950633391706e-16,-4.99156103082055e-16,9.81525056794841e-16,-0.0768840346378335,4.24411180282478e-08,-9.30430327257667e-08,2.67963589411688e-09,-3.13459443683939e-10,-1.38671737947369e-16,3.5116541717734e-16,3.42662221839121e-18,-3.88212140385591e-16,4.79335895181197e-11,6.10445640980439e-17,6.43185993123149e-18,7.79371955427627e-17,9.46672071664417e-17,-2.62882451949882e-16,-9.65824296456272e-17,-1.2265322552542e-16,-7.01057239774752e-17
"t85",0.0358229596317623,0.181487290524802,0.0419113208916027,-0.00708248824822612,0.00312181501313788,-0.00934173280333391,0.111640921081623,0.00111291029529859,-0.000421307668877054,-0.194869463323909,-0.0226444228295096,-5.51568529064056e-06,0.0333905840916059,-0.0136465909734242,-0.000368410088016567,0.0236119964781015,-0.16039422779963,-0.000935311986546093,0.000197848031770891,-0.000965349654159372,-0.0266970863931011,-7.82744780130827e-05,-4.61929407303241e-08,-3.29493349803243e-07,-0.000264702765337919,2.77713127065682e-05,9.60630691903208e-05,-0.000168582779951269,7.60371081139936e-05,-1.08214760105146e-05,0.00240422970935158,0.000950080492115082,-2.02013483188346e-05,1.18059796818992e-05,0.000236635295105581,-0.000401579695973395,-0.00128238615851938,3.98580495617439e-05,-2.03289687814762e-06,0.0012751681478616,0.00053214415718663,6.43635525183905e-08,-0.000444868995502145,-0.00748617190656168,-0.00120230256027606,0.0252407707777133,-0.00274287243941697,2.23629377384681e-06,2.88987637947417e-08,-0.000307081043512683,1.05893725494208e-06,2.00146164078899e-06,-2.0083661418323e-06,-1.03248380667728e-07,3.55382555117174e-06,5.46768720756049e-08,-1.11376984961724e-07,-0.000879248972039979,0.372497288737184,7.84861422198184e-06,1.47561836018075e-07,7.27880692030433e-08,1.29335292582995e-06,7.71405250468878e-07,-3.98969074512575e-05,-7.35420988923113e-07,-5.32596782500115e-06,-2.01448993887854e-06,-2.47926438619535e-06,-1.42396609378264e-05,0.00016615921499702,5.12397196252359e-06,-4.31808383286469e-08,-0.000206404897768792,-0.000560666707233634,0.00104077793056508,-4.86493373255507e-17,-0.000452914149085047,0.000283645475672774,2.60721840303216e-14,9.64682221588727e-06,0.000958691629687616,-1.4126331281107e-08,-1.59878957423852e-06,-1.53181493462111e-05,0.00831687424296969,7.18275177051458e-06,-0.00688248683895425,1.7975641250978e-07,2.86909548273236e-09,-2.45495366783016e-08,-2.31298237558864e-09,-3.72776129855088e-05,1.41996518847031e-05,-1.71488530342392e-15,5.05227316127872e-15,1.17373463775041e-07,-0.000148920056686208,0.0250507611445744,-2.40969064819828e-09,4.23305942390146e-05,-2.86589319823326e-05,-2.82438607049247e-07,2.15391468175358e-05,-1.67418553510326e-15,3.83080011796968e-15,-2.73906040004855e-07,-0.744143257475791,1.2156957789755e-14,-3.36357706845014e-16,7.64291608251444e-16,1.57794496515748e-16,2.20721554262422e-07,-3.16867868775704e-07,-1.17980773745948e-08,4.03964961913949e-07,1.71371153961529e-12,-6.74919529714352e-09,-0.0316242798082604,-1.25565011133925e-15,2.46355637547762e-16,4.48197111974307e-15,-0.427279067791798,2.34235406719498e-07,-5.05567036927283e-07,1.34894498591948e-08,-1.40227777756333e-09,8.00667507715673e-18,6.12749210198382e-16,-7.74219949543912e-17,3.24588531102005e-16,1.6213683533467e-10,1.12229752763231e-16,-2.27438034105842e-17,-1.33947566817309e-16,-5.84883920681636e-17,-5.01128679686223e-16,3.03668789307044e-16,2.43256938907214e-17,-1.74392005288814e-16
"t83",0.0358359863054091,0.181575864787991,0.0419471256967686,-0.00709113186612914,0.00312672397314025,-0.00935818067044573,0.111860825372238,0.00111552140127247,-0.000422299840541015,-0.195397581240488,-0.0227063167629852,-5.530162085819e-06,0.0334565238580587,-0.0136706772734688,-0.000368846551234997,0.0236239695105534,-0.160453005806853,-0.000932574387860984,0.000197254738516639,-0.000961398014839072,-0.0265398670426036,-7.77282872958368e-05,-4.58039724055704e-08,-3.25443295200157e-07,-0.000258073951036239,2.70254611972563e-05,8.99722683132544e-05,-0.000157780704719044,6.91580653055164e-05,-9.77383715117003e-06,0.00205445970981069,0.000807653832743572,-1.69528811992028e-05,7.34906750942721e-06,0.000138698331916001,-0.000183937983786458,-0.000548940760134119,-0.000167402229202129,3.5307747109086e-05,0.00405580570823333,0.00111315204390115,1.20623781826526e-07,-0.000759543367371521,-0.0119406466101238,-0.00185968810168457,0.0386815432200595,-0.00420202059002853,3.39514023667276e-06,4.38247662230137e-08,-0.000457557332974428,1.56487267949823e-06,2.95203062724735e-06,-2.95850347025874e-06,-1.51657948602836e-07,5.22244828827918e-06,8.08669351948423e-08,-1.65411167530466e-07,-0.00130815919686619,0.568518412803466,1.20482795209751e-05,2.27977013262294e-07,1.15255605740751e-07,2.05158909357573e-06,1.22461195861743e-06,-6.39743719651596e-05,-1.19209822592746e-06,-8.78832612132113e-06,-3.37437168380716e-06,-4.24657835527222e-06,-2.44792559239807e-05,0.000288094213739582,8.92318745558955e-06,-7.57198502347156e-08,-0.000363328773367201,-0.000991836277491076,0.00185038551535502,1.48061359180052e-15,-0.000836783853301935,0.000525481779540616,4.81768081374637e-14,1.82936995706189e-05,0.00184672768334604,-2.77762400954961e-08,-3.17201260140139e-06,-3.13701605249505e-05,0.018994333572758,1.79402873743638e-05,-0.0185984772839114,4.9501868569225e-07,7.93496404780797e-09,-7.60597551531578e-08,-7.51690983392147e-09,-0.000126158370374614,5.10564822062539e-05,4.28037824858124e-15,-2.93277343159775e-15,8.41461253880157e-08,0.00211527230423683,-0.463792484822275,-1.1881242394313e-07,-0.00132327235411361,0.000568741711489388,8.04351813572118e-07,-5.98586744154229e-05,2.87051006180887e-16,-2.60085371918717e-15,2.1032747890814e-07,0.546847210696034,-1.03168477450302e-14,5.54792278915707e-16,-2.76404268305914e-16,2.30434867075353e-16,-1.21591584615456e-08,1.62237701906718e-08,4.14573396550604e-10,6.67341160302901e-08,2.84801854521697e-13,-1.31899147879581e-09,-0.0027955761645722,-2.69315819645399e-16,-8.59489059183752e-16,2.31133569297899e-15,-0.19351120403163,1.0652029316271e-07,-2.32051199777782e-07,6.4816890724584e-09,-7.23941374400605e-10,-1.68876909853528e-16,8.47625633170786e-17,-1.23364748009311e-16,5.58824904753341e-16,9.9413213301209e-11,3.03977216345138e-17,1.04983814551103e-17,2.15044724648922e-17,-7.19052594800658e-17,1.23159879360473e-17,-8.61856128105236e-17,2.16088252387671e-18,-4.03593276772694e-16
"t76",0.0354710659400182,0.179066137218196,0.0408947285815895,-0.00682605390427256,0.0029686791836973,-0.00881227311743554,0.104271853576182,0.00101657101314002,-0.000384596389351865,-0.171291286152489,-0.0197982746168306,-4.57360433142166e-06,0.0262872337744308,-0.0106204057541767,-0.000279033312246144,0.0174141122749505,-0.117694105685754,-0.000622866065321203,0.000131514786168165,-0.000624572558892445,-0.0165696261493638,-4.74307462312814e-05,-2.71445733011032e-08,-1.7902249916605e-07,-0.000112604933566551,1.14067097464051e-05,1.58408605101627e-05,-2.71295563128208e-05,9.9927792220067e-07,2.21355472528918e-07,-0.000632496858066632,-0.000269981762647172,6.77809626212092e-06,-1.50902547011824e-05,-0.000338144716854026,0.000784209062906346,0.00265990603829925,-0.000805840212222085,0.000145528004920374,0.0108484069739239,0.00223715106810869,2.13601473943975e-07,-0.00116312885050694,-0.0157439326333926,-0.0022329838632987,0.0448732545950103,-0.00486805132268883,3.78572994474274e-06,4.86150459824415e-08,-0.000459254276314681,1.45863952509106e-06,2.68468657150167e-06,-2.63835690842221e-06,-1.22348136831212e-07,4.02754314447161e-06,5.46661332148482e-08,-1.06300021049388e-07,-0.000824544685216893,0.289482379649683,5.88863121194156e-06,1.06636332860863e-07,4.59532115554273e-08,8.0886697619618e-07,4.80427206251137e-07,-2.35710690953171e-05,-4.10531376847964e-07,-2.70796402668109e-06,-9.45411489882179e-07,-1.02855522983837e-06,-5.78594014147697e-06,6.42435955776413e-05,1.93028843520869e-06,-1.56000155440972e-08,-7.28290401548499e-05,-0.000191760762344259,0.000344760565696681,5.22151766269019e-16,-0.000114049501989314,6.98833211646033e-05,6.245221353951e-15,1.93633702950624e-06,0.000163776980718754,-1.87083654947426e-09,-1.85277829693807e-07,-8.94370624347437e-07,-0.00111015352045286,-2.09360559521449e-06,0.00300610482425908,-8.5051273270389e-08,-1.38149117839825e-09,1.77357964214824e-08,1.94681356690922e-09,3.57403564907582e-05,-1.71334614481938e-05,-1.52472426266679e-16,6.92962711768349e-16,-2.34082276288211e-07,0.000180620616719942,-0.0218772353682623,2.30887864487161e-08,0.000428489875310653,-0.000192814901405334,-3.58535790842898e-07,2.67644331458077e-05,-3.91294901997836e-16,1.06239517182205e-15,-8.37441740527897e-08,-0.211884146033277,4.00721122950642e-15,-9.077955515137e-17,3.13962346298014e-16,-1.44001583486892e-16,-7.10927562421197e-08,1.03744812765712e-07,4.12689949069206e-09,-2.87291062411009e-07,-1.22184517121244e-12,4.65132930793383e-09,0.00416408382000852,1.87350135405495e-15,1.94522354373175e-15,-9.52137388072395e-15,0.877674722756969,-4.85458428243818e-07,1.06947283690963e-06,-3.18182440575254e-08,4.05500903417465e-09,1.51276343248284e-16,-9.75868206348278e-16,7.1186941760609e-17,-5.29307500607423e-16,-1.09912743785482e-09,-1.47837136726151e-16,1.60337289627658e-16,-2.14617820043506e-16,-9.0018499433594e-17,3.49784127976104e-16,-1.5679970690757e-16,6.36383143093561e-17,-2.515675253386e-16
"t31",0.0341637016663535,0.1700195758349,0.0370281122043455,-0.00583136055215993,0.00236187199066897,-0.00668730733133263,0.0742268163756894,0.000609683471926805,-0.000229393040038371,-0.0654357652008727,-0.00691036273228369,7.68623785676571e-08,-0.012057081248725,0.0060602883529269,0.000239626277441396,-0.0205561566593626,0.146758822790587,0.00190118956668683,-0.000407943698302214,0.00247378151399898,0.101119027946748,0.00040006672379537,4.34030313482955e-07,-1.67230430494179e-06,0.000303149396533165,-3.83170837661567e-05,-0.000422009844316553,0.000748249039093873,-0.000466896742920031,7.06941528215922e-05,-0.0226939741917877,-0.00921355668867248,0.000208693223226304,-0.000266534410884998,-0.00582269508148923,0.0127470178070096,0.0428445276799732,-0.0115903350800291,0.00208060869206395,0.153196923561078,0.0319119449088206,3.10418740893552e-06,-0.0176718401675557,-0.263074177399843,-0.0415514557403203,0.882225253308392,-0.0959355402629414,8.04540152243537e-05,1.04515377179333e-06,-0.013621248313317,7.03773435417731e-05,0.000172488511507684,-0.000237470498161111,6.94981153666442e-06,-0.000115992141338531,-4.92990155859821e-07,6.70846963771177e-07,0.0045451179526226,-0.163057822327396,-4.50009943302188e-08,5.57580782668799e-08,9.64135198899818e-08,1.77567565480086e-06,1.07518192069076e-06,-6.50764397313834e-05,-1.35431940714577e-06,-1.1262371392729e-05,-4.62689953720463e-06,-6.23383896450769e-06,-3.62462050672974e-05,0.00043440238836653,1.35673344365678e-05,-1.1651513655758e-07,-0.000562474912491126,-0.00154677297916318,0.00290544512911053,1.32706345912226e-16,-0.00136590206189061,0.00085953064125107,7.87726004217171e-14,3.03827827577205e-05,0.00309299822650213,-4.69744705914024e-08,-5.38590552787274e-06,-5.40450421280463e-05,0.0591676356318555,2.70392165792102e-05,-0.0289107695644237,7.71724461043344e-07,1.23775118002212e-08,-1.20127871386025e-07,-1.19685397222298e-08,-0.000203141036299172,8.55292029644438e-05,-4.00980285076922e-16,2.11942300570614e-15,8.33109072798099e-07,-0.000281852286529546,0.0032137459927296,-8.61103232729227e-08,-0.00122602838684522,0.000528043463194636,6.02454209724674e-07,-4.44491276891806e-05,-6.33499068326893e-17,-3.98731607936671e-16,1.63780983762109e-08,0.0215667880026392,-8.33426209989607e-16,1.66148089815873e-16,2.23296973278198e-17,-1.67855321661031e-17,1.12040325638094e-07,-1.61464025751241e-07,-6.10385163672518e-09,2.26885987633825e-07,1.62592115956798e-12,-2.67481406034803e-09,-0.000271769643608631,2.28983498828939e-16,-4.81241433688957e-19,2.02432190501339e-16,-0.0387026962194074,1.90118532004019e-08,-2.98838439011934e-08,-9.39183189118536e-10,5.15042414370604e-10,-1.01173263086904e-16,1.86685783989349e-16,-3.34081335360795e-17,4.26525134655797e-16,-4.47453793797885e-10,-2.95185248002052e-17,-5.40777194895959e-17,-5.25024902026106e-17,-4.21946315574985e-17,-8.58559499000159e-17,7.43195907569089e-17,-5.87123927950053e-17,-1.69216375688711e-17
"t112",0.0348559675170358,0.174734561207113,0.0389409381502222,-0.00629337321906779,0.00262306648885678,-0.00755732528047425,0.0857287064772248,0.000740061280190529,-0.000278842904233137,-0.0868470450150844,-0.00928968981607622,1.17881335871703e-07,-0.0212490693151736,0.0110316635296513,0.000471871151585181,-0.0438745783078148,0.318220715955767,0.00575735709408787,-0.00124406315348605,0.00839895225260268,0.411585254403203,0.00182840249796132,2.33705941098762e-06,-1.5539509429046e-05,-0.00351968299755146,0.000352349752770252,0.000957651374587061,-0.00168015385708942,0.000771185424537513,-0.000110747158969241,0.0268936056159324,0.0107213998650261,-0.000232971024180028,0.000199919838819569,0.00422767788513715,-0.00849748527211488,-0.0281257616739849,0.00562932541532608,-0.000976913551816942,-0.0623202513308818,-0.0110360405960674,-9.70370523864791e-07,0.00476210245163617,0.0578645715371051,0.00776987855716038,-0.154048773577223,0.0167049214933676,-1.28964894927988e-05,-1.65579401720339e-07,0.00166466993811429,-6.74599735600058e-06,-1.50475960319725e-05,1.91047847944814e-05,-3.25860322267109e-07,3.7715217143333e-06,-3.30602687197815e-09,1.38574383617279e-08,0.000117446718964817,-0.0126887599415404,-3.90973355687135e-09,5.37163570991494e-09,1.24257357805857e-08,2.32747548567204e-07,1.41973412805707e-07,-9.38150253479051e-06,-2.12565527156656e-07,-2.00052588026289e-06,-9.02732180090428e-07,-1.38270612013661e-06,-8.20267113010956e-06,0.000102977900019176,3.29270305327208e-06,-2.93372819169247e-08,-0.000144516056901286,-0.000407927549516619,0.00078659300859347,-3.54100429533766e-16,-0.000453044532628833,0.000289323992359966,2.67443402493517e-14,1.16445365145594e-05,0.00129987076407254,-2.24707775215953e-08,-2.73731865273934e-06,-3.49542365584873e-05,0.371026406128536,-2.69263147996166e-05,0.0136954365508907,-3.22330640526326e-07,-5.03220261988124e-09,2.72789018253999e-08,2.21354510545821e-09,3.16460983436039e-05,-9.87571479145553e-06,-6.94729061887337e-17,2.63206668185625e-15,-4.35972466205671e-08,1.11803554552984e-05,-0.000124141788494684,1.94808237596877e-09,-8.94693015187453e-06,6.61454967548596e-06,3.46851385226235e-08,-2.59373790550618e-06,-6.16011687039193e-16,6.34978068714397e-16,1.61012293688895e-09,0.0021454770109473,2.28658238177193e-16,-3.56303495207661e-16,-1.2160432182707e-15,-4.7281498762128e-16,1.49567782394846e-08,-2.15989572113079e-08,-8.23527647815416e-10,3.43944198070295e-08,0.7071067811732,-4.24469056908502e-10,-4.31336775413537e-05,1.12757025938492e-15,-2.24715798199563e-15,-1.29580338229432e-15,-0.00726247401274414,3.57343423448354e-09,-5.63812667907226e-09,-1.80687619163664e-10,1.02511655522726e-10,1.88156493054604e-16,2.99736398139493e-16,2.2382031237822e-16,-4.87457296749483e-16,-9.8792864188825e-11,4.19256445811596e-16,-1.44339404088484e-16,-1.13570177567857e-17,-1.72436813575858e-16,-1.21063807849855e-16,-5.61803718839071e-18,-2.93149518228249e-16,-1.10848314280056e-16
"t147",0.0348559675170253,0.174734561207041,0.0389409381501934,-0.00629337321906081,0.00262306648885288,-0.00755732528046129,0.0857287064770547,0.000740061280188612,-0.000278842904232364,-0.0868470450147767,-0.00928968981604212,1.17881335831843e-07,-0.0212490693150473,0.0110316635295833,0.000471871151582044,-0.0438745783075023,0.318220715953472,0.00575735709403793,-0.00124406315347528,0.00839895225252643,0.411585254399251,0.00182840249794324,2.3370594109011e-06,-1.55395094288257e-05,-0.00351968299750616,0.000352349752765566,0.000957651374571948,-0.00168015385706273,0.00077118542452435,-0.000110747158967401,0.0268936056154306,0.0107213998648248,-0.000232971024175773,0.000199919838815273,0.00422767788504482,-0.00849748527192443,-0.0281257616733505,0.00562932541518531,-0.000976913551792143,-0.0623202513292283,-0.0110360405957588,-9.70370523780085e-07,0.00476210245149187,0.0578645715352464,0.00776987855689994,-0.154048773571963,0.0167049214927968,-1.28964894922159e-05,-1.6557940172567e-07,0.00166466993805285,-6.74599735557731e-06,-1.50475960309988e-05,1.9104784793477e-05,-3.2586032247205e-07,3.77152171449875e-06,-3.30602682553788e-09,1.38574380338652e-08,0.000117446718959125,-0.0126887599408236,-3.90973346753309e-09,5.37163587547261e-09,1.24257355932356e-08,2.32747548096579e-07,1.41973413109284e-07,-9.38150253410931e-06,-2.12565527463919e-07,-2.00052588020748e-06,-9.02732180229775e-07,-1.38270611882343e-06,-8.202671129199e-06,0.000102977900011582,3.29270305336228e-06,-2.93372816613452e-08,-0.000144516056889274,-0.000407927549484326,0.000786593008528465,-1.41314911161761e-15,-0.000453044532589299,0.000289323992334119,2.66924069652896e-14,1.16445365138155e-05,0.00129987076395205,-2.24707774288308e-08,-2.73731865369783e-06,-3.4954236554674e-05,0.371026406087137,-2.6926314796702e-05,0.0136954365491499,-3.22330640026725e-07,-5.03220352193745e-09,2.72789019775677e-08,2.21354484308128e-09,3.16460983391248e-05,-9.8757147902976e-06,-1.25797532766343e-15,3.86998162510642e-15,-4.35972458013439e-08,1.11803554528802e-05,-0.000124141788473363,1.94808117554013e-09,-8.94693015045971e-06,6.61454967442257e-06,3.46851414118055e-08,-2.59373790417738e-06,6.94244328569665e-16,-1.11882736547554e-15,1.61012231412322e-09,0.00214547701010209,-1.31838984174237e-16,5.79169310581733e-16,1.09736703016829e-15,4.95779730858094e-16,1.49567809169218e-08,-2.15989564081309e-08,-8.23528335209758e-10,3.43946738711604e-08,-0.707106781199896,-4.24470058494469e-10,-4.31336776412675e-05,-3.46944695195361e-18,2.30562593743931e-15,1.48489093915194e-15,-0.00726247401582453,3.57343417008193e-09,-5.6381277754175e-09,-1.80687723247072e-10,1.02511580279095e-10,-1.96728066557228e-16,-2.97008476800385e-16,-2.73257076529538e-16,3.66243493865603e-16,-9.87927596717356e-11,-3.00509359214199e-16,1.82569100389934e-16,-2.55275401511712e-16,-2.48268183737552e-17,-3.10148667546972e-16,-2.56394847566201e-16,2.28582119384978e-16,-4.33506880873743e-16
"t84",0.0347267280827977,0.173855445605875,0.0385857055748654,-0.00620794586142066,0.00257499699469225,-0.00739765490610122,0.0836249993811208,0.000716393334494615,-0.000269867965614107,-0.0830085831165465,-0.00886386676091575,1.10658703020579e-07,-0.019654478876739,0.0101719780644498,0.000432000777182195,-0.0398987947888726,0.289023878880493,0.00511547029517195,-0.00110494045801387,0.00741871262096051,0.360652053782757,0.00159515454056801,2.02804585737996e-06,-1.33174687148661e-05,-0.00292675680678557,0.000291984658299752,0.00075575579803276,-0.00132505633705579,0.000594724017418084,-8.502127112133e-05,0.0200855481814821,0.00799103150528828,-0.000172818610183768,0.00014044799275504,0.00295456105390343,-0.0058541456048757,-0.0193249470801335,0.00364883873039237,-0.000628634351960361,-0.0388227011609292,-0.00660641799288528,-5.65754903752742e-07,0.00266528571181324,0.0305185308753736,0.0038988448203325,-0.0756580578273059,0.00819707519175891,-6.16458033322193e-06,-7.88526118240232e-08,0.000729579995928887,-2.73810298945243e-06,-5.93291090001324e-06,7.35042461697758e-06,-1.08170103254066e-07,1.15446700631411e-06,-7.39349993540596e-10,2.62633357509673e-09,2.06879402601099e-05,-0.000245422134796784,4.81519320943979e-11,-2.50659820509461e-10,-2.16218737358886e-09,-4.26018331099699e-08,-2.65553005045563e-08,2.2302323500218e-06,6.21399410711014e-08,7.63932273782457e-07,4.13092413385075e-07,7.89614252255134e-07,4.8373904145748e-06,-6.52576918468151e-05,-2.16118957008064e-06,2.03096228636035e-08,0.000102927056660799,0.000301125277365454,-0.000601286770278469,2.13392671588597e-15,0.000439621837306121,-0.000285064347947849,-2.6963457508411e-14,-1.29785482338898e-05,-0.00156402726982608,2.97014816242942e-08,3.76245283804336e-06,5.47106371538037e-05,-0.847313390720778,7.97803820568775e-05,-0.0499639309648678,1.23384322905972e-06,1.94726570840187e-08,-1.40088606133317e-07,-1.28449944799582e-08,-0.000205150371652259,7.90356038537117e-05,1.55026764053273e-15,-8.42583763623065e-15,6.62810462165927e-07,-0.000217310624171071,0.00247141631250173,-6.36137749785576e-08,-0.000839619606541201,0.000356861646062542,3.64225106534635e-07,-2.68228279204363e-05,2.31436660696411e-17,5.10381783477126e-16,9.04782561546302e-09,0.0118863255239292,4.70543742858709e-17,-1.02903738042172e-16,1.21571130652504e-17,1.17030716039133e-16,5.81527914726623e-08,-8.37706406438612e-08,-3.16134624371806e-09,1.14892504756575e-07,2.29816623804927e-11,-1.34348078701437e-09,-0.000136498553683711,-2.31585584042904e-16,-1.39582227769143e-16,2.11690525136467e-16,-0.0189713721767375,9.31755449846364e-09,-1.46397452919014e-08,-4.59156345106529e-10,2.51021914842928e-10,-5.77221807489868e-17,2.11989329744156e-17,1.14746248347906e-17,-3.68628738645072e-17,-2.16916506620961e-10,-4.38476180863407e-17,-2.84264692811002e-17,-1.7333682232612e-16,1.2645100293591e-16,1.15808166090348e-16,-6.65242465710987e-17,-2.12670473169265e-17,5.64235831705862e-17
"t102",0.0338569113375089,0.167820974400281,0.035986482944421,-0.00553402110319133,0.00216074485847637,-0.00594118053131841,0.0629429768189861,0.000434427953713484,-0.000162301964402958,-0.0097405978836753,4.02114963336164e-05,3.16090573571978e-06,-0.0410652383373501,0.0188997918724523,0.000645648139219017,-0.0494070961827295,0.345066529221358,0.00127656602274433,-0.000249128610367274,-0.0014106168458587,-0.434117334298995,-0.0035599147248331,-9.92990392707283e-06,-0.000227339492863543,-0.0107486414082109,0.00102489003049078,0.00195442280922708,-0.00341923048211285,0.00144440747395676,-0.00020444979647723,0.0459325984032078,0.0182162436918739,-0.000391122304496002,0.000296513286207848,0.00620031933305021,-0.0120865682910791,-0.039777821226938,0.00700651070588507,-0.00119566677505038,-0.0704932187780607,-0.0111967658238991,-9.068434434755e-07,0.00383060918660509,0.034561770241747,0.003124917247577,-0.0478550967711089,0.00512487024636283,-2.42115403143589e-06,-2.81626159383255e-08,-0.000458311491244408,5.4389920611294e-06,1.57735984990762e-05,-2.43555623159059e-05,1.08981065381564e-06,-2.08205407553148e-05,-1.17145855626691e-07,1.71309977548169e-07,0.00118694525816518,-0.0151209637694489,9.70733497753298e-07,4.17509808949511e-08,5.5264455692261e-08,1.01946617172768e-06,6.17848282726571e-07,-3.80800538045546e-05,-8.14475869039401e-07,-7.1292863008058e-06,-3.06407611353379e-06,-4.41598066684224e-06,-2.59595207618588e-05,0.000319205949109206,1.01012052120897e-05,-8.85610471802875e-08,-0.000432432553850875,-0.00120687472707691,0.00230091157770523,3.56702514747731e-16,-0.00121232796912656,0.000769086867139036,7.08235553537051e-14,2.91389155931904e-05,0.0031084896455625,-5.02077432785832e-08,-5.91390723521411e-06,-6.5221674420216e-05,0.0223115597723232,0.000117380590043987,-0.363810582801608,1.88697916353763e-05,3.85639686108219e-07,5.85303722347831e-07,3.86636192593187e-08,0.000503053816105003,-0.000147433196517985,-7.86282393736977e-16,-6.44312522432019e-16,-7.82453367393927e-07,0.000222806743936462,-0.000791589261713121,5.8554880071407e-08,0.000562605434822625,-0.000224118774404938,-1.01897798414786e-07,7.34761403877945e-06,-1.80592350460096e-15,-7.49420571994878e-15,6.99528898348567e-11,7.87859832351545e-05,-2.45029690981724e-16,0.707106781186547,3.14107536519483e-12,-6.04121807238875e-15,1.46336096386638e-08,-2.12229010693524e-08,-8.23377144124824e-10,4.11140112996367e-08,6.2617282690027e-14,-5.28377261214963e-10,-1.95559908266921e-05,1.40512601554121e-16,-7.60826260689678e-17,-2.59902476382433e-16,-0.00389295418342907,1.47969543697968e-09,1.4371338667718e-10,-5.42014708723032e-10,1.94991435595749e-10,1.27526020378075e-16,-1.30454328685676e-16,2.8505058007112e-17,-3.00974523081976e-16,-1.70615439799241e-10,1.45406355803441e-16,3.40627901985183e-18,-1.74285499227045e-16,8.953008911162e-17,-1.35359197158513e-16,-1.40464543589489e-18,-1.24323096046795e-16,-1.24261648809128e-16
"t103",0.0338569113375089,0.167820974400281,0.035986482944421,-0.00553402110319132,0.00216074485847637,-0.00594118053131841,0.0629429768189861,0.000434427953713481,-0.000162301964402976,-0.00974059788367532,4.0211496333628e-05,3.16090573566079e-06,-0.0410652383373501,0.0188997918724522,0.00064564813921901,-0.0494070961827294,0.345066529221357,0.00127656602274433,-0.000249128610367322,-0.00141061684585879,-0.434117334298994,-0.00355991472483314,-9.92990392703077e-06,-0.000227339492863613,-0.0107486414082109,0.00102489003049074,0.00195442280922717,-0.00341923048211286,0.00144440747395684,-0.000204449796477149,0.0459325984032078,0.0182162436918741,-0.000391122304495987,0.000296513286207918,0.0062003193330503,-0.0120865682910791,-0.039777821226938,0.00700651070588494,-0.00119566677505051,-0.0704932187780605,-0.0111967658238992,-9.06843443407736e-07,0.00383060918660492,0.0345617702417468,0.00312491724757692,-0.0478550967711087,0.00512487024636288,-2.4211540317759e-06,-2.8162615784862e-08,-0.0004583114912442,5.4389920609299e-06,1.57735984989046e-05,-2.43555623158139e-05,1.08981065369172e-06,-2.0820540755324e-05,-1.17145855786212e-07,1.71309977390309e-07,0.00118694525816498,-0.0151209637694486,9.70733497715134e-07,4.17509807329442e-08,5.52644560808391e-08,1.01946617151748e-06,6.17848282949808e-07,-3.80800538043076e-05,-8.14475869307415e-07,-7.12928630059893e-06,-3.06407611341038e-06,-4.41598066690122e-06,-2.59595207616988e-05,0.000319205949109249,1.01012052123742e-05,-8.85610468547965e-08,-0.00043243255385098,-0.00120687472707716,0.00230091157770565,-1.14925430283463e-16,-0.00121232796912638,0.000769086867139602,7.06381567822101e-14,2.91389155930094e-05,0.00310848964556261,-5.02077436394702e-08,-5.91390723531597e-06,-6.52216744210742e-05,0.0223115597723234,0.000117380590044535,-0.363810582801606,1.88697916338764e-05,3.85639686080463e-07,5.85303723136968e-07,3.86636180892477e-08,0.000503053816104975,-0.00014743319651798,3.97612168508481e-16,-1.81781140003377e-15,-7.82453365494405e-07,0.000222806743936982,-0.000791589261713774,5.85548788189366e-08,0.000562605434820917,-0.000224118774404361,-1.01897798963392e-07,7.34761403817577e-06,1.72782167901677e-15,7.69817722200134e-15,6.9949982438311e-11,7.87859832356692e-05,2.54462249882348e-16,-0.707106781186548,-3.1411137576389e-12,6.07491318887874e-15,1.46336096493432e-08,-2.12229043210915e-08,-8.2338076802654e-10,4.11140128175197e-08,6.163884360575e-14,-5.28377441843045e-10,-1.95559908266537e-05,4.48426018540005e-16,1.38211196983964e-16,8.07726366625557e-16,-0.0038929541834292,1.4796959103559e-09,1.43713515914079e-10,-5.4201458794291e-10,1.94991535179719e-10,-1.43657895466627e-16,-4.25319581904138e-18,2.42989741941206e-16,1.11672823766007e-16,-1.70615393612229e-10,-5.89855340500748e-17,-3.06752031319159e-17,-2.00414771583945e-16,-1.60667588079153e-16,6.50013643363722e-17,-1.8328998975731e-17,5.16605992085592e-18,-2.63906888623665e-16
"t73",0.033677788235262,0.166616552994166,0.0355186012889866,-0.00542705724747427,0.00210441845800645,-0.00576272862395813,0.0607487222424193,0.000414721312108512,-0.00015489263453332,-0.00913151302600541,3.7604627912583e-05,2.88788045399028e-06,-0.0367333354605111,0.0168306506725468,0.000569112255045801,-0.0431338859895754,0.300715988735032,0.00107800490699975,-0.000210263099508104,-0.00118117945568421,-0.359357828790999,-0.00292843079196807,-8.10594991451256e-06,-0.00018227957157131,-0.0082518097675688,0.000782912890016041,0.00139112343847661,-0.00243140035964061,0.000994208758056232,-0.000139803449578882,0.0301712030348393,0.0119299320976545,-0.000254373456497842,0.000178003207076511,0.00369351646986451,-0.00704867265155343,-0.0231059204300893,0.00373003197716122,-0.000629595815565267,-0.035338682327573,-0.00528082618473725,-4.10596012977006e-07,0.00162704059846318,0.0133550289370675,0.00111343982078503,-0.0164561889436851,0.00175973739310519,-7.95668731540244e-07,-9.19701575769037e-09,-0.00012968021928392,1.3391876401295e-06,3.67779868048411e-06,-5.41863719997777e-06,1.78749518644551e-07,-2.82753793458094e-06,-5.57316251577768e-09,2.02910396644718e-09,-2.43073594230984e-06,0.00241992354453594,-1.85301406577416e-07,-9.35128223027984e-09,-1.89723332426339e-08,-3.58410598155938e-07,-2.19475411723476e-07,1.5273691198394e-05,3.66229927295427e-07,3.75989991234868e-06,1.81206735899554e-06,3.02228580907312e-06,1.81555953070994e-05,-0.000234400972487902,-7.59750396620712e-06,6.9089201341843e-08,0.000344014327562525,0.000984143135814219,-0.00192220213029473,4.17417836406919e-17,0.00119617827869845,-0.000766984523106438,-7.06963784388726e-14,-3.16789145659771e-05,-0.00356507073547216,6.14740792409258e-08,7.43987315003956e-06,8.97216515932241e-05,-0.0394579866622913,-0.000244173976655214,0.854567218909834,-4.55331144021189e-05,-9.36162131297963e-07,-1.64796440522736e-06,-1.15445310620811e-07,-0.0015796929088951,0.00050570851604686,7.94529988267148e-16,2.79841141220582e-15,3.31061571652515e-06,-0.000999982219400919,0.00357123314420023,-2.88428461812235e-07,-0.00344445150893578,0.00143945731491227,1.27066348127821e-06,-9.33315242742563e-05,2.24461569917113e-17,-2.99672049220275e-16,1.92251038162033e-08,0.0125942402316385,-2.48932818802672e-16,9.48801565042151e-16,-7.98936346706505e-18,1.20870141518653e-17,1.69438486698209e-07,-2.43830094304089e-07,-9.16240676247286e-09,3.1291466305941e-07,4.72196780252668e-13,-3.53911380252979e-09,-0.000130936743124182,2.55871712706579e-16,-1.72391339694184e-16,-3.39457179762588e-16,-0.0174853809975053,6.62284972862055e-09,6.38128088564782e-10,-2.31076245388751e-09,7.7629830458315e-10,-4.72426648503633e-17,1.98860100119214e-16,-2.49768869092981e-16,-2.13370987545147e-16,-5.60383357013812e-10,-9.33673785965461e-17,1.72799777921599e-17,-1.4651637108426e-16,-4.85361857821411e-18,-1.09006536570996e-16,-2.889035179977e-16,-9.85578024569753e-18,-2.90423959885589e-16
"t108",0.0327241945362208,0.160032156324712,0.0327128157059757,-0.00470169633259403,0.00165353085893384,-0.0041518084844739,0.0371273476076509,4.43605615535525e-05,-1.28000046424087e-05,0.178037408632554,0.0272365375131359,-9.58954240180094e-06,0.0132347895496169,-0.00393000009844733,-4.11184463841861e-05,0.000406119013484711,-0.0010897706785799,-0.000248638267254303,5.51254824485589e-05,-0.000458926465583408,-0.0106642634581864,8.31569319802252e-05,7.09275819554863e-07,3.98192427729323e-05,0.0048096598158962,-0.000494003472327804,-0.00214817428978671,0.00379576214510151,-0.00227708847462106,0.000349286229298338,-0.196322311711177,-0.0934362183454572,0.00471817461693672,-0.000452810491845694,-0.0102969102817299,0.0241738235153222,0.0819795467726977,-0.0240627188624922,0.00433646005761647,0.323552168274848,0.0683910802678138,6.73828282236688e-06,-0.0396385879772265,-0.677088340372697,-0.384032696515737,-0.323205707872525,0.0242320630739179,8.2227659868561e-05,1.13710814400231e-06,-0.0212968145036983,0.000116152890341796,0.000287373919137359,-0.000397916700973986,1.18181295358422e-05,-0.000197711732455569,-8.64691624626977e-07,1.4214807598919e-06,0.228777423413592,-0.0162854388579075,5.06334608421162e-06,1.85790880498356e-07,2.01596198889974e-07,3.68097096968235e-06,2.22089981287289e-06,-0.00012974373318283,-2.63209201533883e-06,-2.12819339267717e-05,-8.59627153521495e-06,-1.13567696738613e-05,-6.58473131190709e-05,0.000784189385184301,2.44157791010887e-05,-2.08681068911052e-07,-0.00100480821358199,-0.00275406980622853,0.00515633614311757,9.56639010629007e-17,-0.00236508138448943,0.00148565294429259,1.3567403765128e-13,5.16942463205372e-05,0.00520259264430675,-7.77046119721592e-08,-8.83714943725399e-06,-8.56258991453519e-05,0.00569344507793845,4.50491590707047e-05,-0.0167670601206341,-6.04573382061381e-07,-1.9155247429686e-08,-2.98515780654893e-07,-2.73459527585785e-08,-0.000444753619283034,0.000178741586092419,2.73149810146982e-16,-8.04916239224321e-16,1.64429079315324e-06,-0.000525082318751305,0.000543871720770124,-1.68406156498559e-07,-0.0141645897490737,0.000920251749007964,1.07717698138252e-06,-7.94080772660071e-05,5.0014033116938e-17,-7.31207312017598e-17,1.63611862209409e-08,0.00404574688933672,-2.68197736155024e-16,1.1387611375236e-16,-5.90230254719939e-18,7.62269811449681e-17,2.00041627111645e-07,-2.88117353994084e-07,-1.08655012476064e-08,3.89412413950673e-07,1.91157309019695e-13,-4.47402437573992e-09,-5.44487244229967e-05,1.94776920287021e-16,1.33127847499396e-17,7.17600819125651e-17,-0.00803422376453178,2.04989626610206e-10,2.0772594654312e-08,-3.84466315349062e-09,1.18413173636155e-09,-1.02694772489579e-16,-4.12620404713168e-17,-1.41124210965075e-17,-6.45777918986679e-18,-8.53930637792754e-10,7.27315320368539e-17,6.28803368608946e-18,-1.47358321833831e-16,8.48300376878923e-18,-9.24921440134972e-17,-1.11167753202584e-16,-6.78776690579541e-16,-1.4695477984709e-16
"t154",0.0337160311286306,0.166707461410414,0.0353012010286683,-0.0052846747923147,0.00194703890825766,-0.00503295573915467,0.0467131190427356,6.10209203249081e-05,-1.76537425387897e-05,0.292538518299538,0.0460115349418032,-2.25681893806469e-05,0.0516967393426836,-0.0180602975081908,-0.000327559157092101,0.0123656277005896,-0.0733178678167107,0.000701750953146553,-0.000152342440952952,0.00096337623985595,0.0160185774758943,-0.000106083962271947,-7.49069651568993e-07,-2.75774462736699e-05,-0.000899215313561463,7.11096356057839e-05,-0.000919094073750559,0.00165841787921948,-0.00186588710304597,0.000323276902264398,-0.439087451149267,-0.228032579773279,0.0144856081459846,0.00100340398874694,0.0199559938999313,-0.0350843773665141,-0.113749461041008,0.0173066946752097,-0.00294450199892228,-0.175647442451906,-0.0296659533855238,-2.57042975139097e-06,0.0126643362356175,0.172670447494225,0.0826829387534835,0.0649445624345002,-0.00485559671394664,-1.51842521881086e-05,-2.07589421334035e-07,0.00304145596059158,-1.33222551676731e-05,-3.03345081014874e-05,3.9134142525078e-05,-7.2843358912997e-07,8.76661460671656e-06,-3.05213176278552e-08,2.69963596965031e-07,0.176311853320182,0.000334441998413321,-5.27157599265402e-08,-2.65411773640737e-10,4.51138888746261e-09,8.72799461124486e-08,5.39487575639073e-08,-4.03708266135706e-06,-9.88711426229069e-08,-9.914577704898e-07,-4.56172659608369e-07,-6.96080643662004e-07,-4.11583278793275e-06,5.11527390368999e-05,1.6252357991171e-06,-1.43142408231009e-08,-7.00110423848613e-05,-0.000195651886339984,0.000373174440174133,7.12754508191971e-16,-0.000192522117849179,0.000121782335226736,1.10192887800564e-14,4.473623040217e-06,0.000464732599163629,-7.20228180135995e-09,-8.31261095050764e-07,-8.43693905703879e-06,0.000628926266747574,5.30073895215009e-06,-0.00205911943371323,-7.49191445459287e-08,-2.37846852629842e-09,-3.88549117344514e-08,-3.62316849309222e-09,-5.98160965956836e-05,2.46715427190515e-05,-5.16274283831455e-18,4.39999662173137e-16,2.42323405863845e-07,-7.9123209349401e-05,8.2129616181046e-05,-2.65678158570259e-08,-0.0152430906602061,5.95305120407261e-05,1.63091705961474e-07,-1.20486738751265e-05,-1.29096383435845e-16,-5.95235471436786e-17,2.73434424538296e-09,0.000677992231905514,-1.55257751099924e-16,-4.20273404260656e-17,-5.41443779072927e-17,-6.00538558833202e-17,3.63773522415198e-08,-5.24296237128588e-08,-1.98289614367536e-09,7.41332768609826e-08,3.62769310956392e-14,-8.67544754567726e-10,-1.05586216773157e-05,9.8879238130678e-17,-1.30616153011531e-17,2.85718814013326e-16,-0.00168273769628649,4.29706194129791e-11,4.36277497462001e-09,-8.15664967426105e-10,2.55806054724056e-10,-3.19440252185032e-17,1.78894081698376e-16,9.30062362184385e-17,-1.67834496300756e-16,-1.95786167985455e-10,-2.61955822291112e-16,6.12461080277182e-17,3.13822318825929e-16,-6.67839874578408e-16,1.07267961478406e-16,-1.17101296379745e-15,-0.707106781186546,-3.70633616372124e-16
"t155",0.0337160311286306,0.166707461410414,0.0353012010286683,-0.0052846747923147,0.00194703890825767,-0.00503295573915466,0.0467131190427356,6.10209203249118e-05,-1.76537425388039e-05,0.292538518299537,0.0460115349418032,-2.25681893806572e-05,0.0516967393426836,-0.0180602975081907,-0.000327559157092157,0.0123656277005895,-0.0733178678167106,0.000701750953146597,-0.000152342440953015,0.000963376239855998,0.0160185774758942,-0.000106083962271924,-7.49069651570565e-07,-2.7577446273656e-05,-0.000899215313561473,7.11096356058108e-05,-0.000919094073750508,0.00165841787921953,-0.00186588710304601,0.00032327690226439,-0.439087451149267,-0.228032579773279,0.0144856081459846,0.001003403988747,0.0199559938999312,-0.0350843773665139,-0.113749461041007,0.0173066946752097,-0.00294450199892233,-0.175647442451906,-0.0296659533855235,-2.57042975128072e-06,0.0126643362356175,0.172670447494224,0.082682938753483,0.0649445624344997,-0.00485559671394661,-1.51842521881364e-05,-2.07589421243743e-07,0.00304145596059149,-1.33222551674701e-05,-3.03345081013573e-05,3.91341425252203e-05,-7.28433588868772e-07,8.76661460666359e-06,-3.0521317516428e-08,2.69963597013603e-07,0.176311853320181,0.000334441998413848,-5.27157598389366e-08,-2.65411842541785e-10,4.51138917889615e-09,8.72799462142552e-08,5.39487575252013e-08,-4.03708266122642e-06,-9.88711427355555e-08,-9.91457770872957e-07,-4.56172659750508e-07,-6.96080643846752e-07,-4.11583278823286e-06,5.11527390368808e-05,1.62523579941894e-06,-1.43142408659487e-08,-7.00110423851657e-05,-0.000195651886339839,0.00037317444017415,7.29884902517242e-16,-0.000192522117849387,0.000121782335226452,1.12250703523942e-14,4.47362304037936e-06,0.000464732599163648,-7.20228182424774e-09,-8.31261095003059e-07,-8.43693905680742e-06,0.000628926266747436,5.30073895253764e-06,-0.00205911943371323,-7.49191446036083e-08,-2.37846835976496e-09,-3.88549114757608e-08,-3.62316821835539e-09,-5.98160965955916e-05,2.46715427191574e-05,-1.64384454327525e-17,1.29223968338157e-16,2.42323405557666e-07,-7.91232093494063e-05,8.21296161813369e-05,-2.65678163444832e-08,-0.0152430906602061,5.95305120408042e-05,1.63091706245101e-07,-1.20486738751854e-05,1.57888430852675e-16,-1.11565251459809e-16,2.73434417859611e-09,0.000677992231905412,7.32920668600201e-17,-4.89414242647886e-17,-4.66771054109479e-17,1.78041964243151e-16,3.63773521595812e-08,-5.24296237267366e-08,-1.98289575965603e-09,7.41332768141451e-08,3.65781798303478e-14,-8.67544898332934e-10,-1.05586216772683e-05,2.58473797920544e-16,1.29715855146443e-16,-2.34280256504761e-16,-0.00168273769628652,4.29701734806255e-11,4.3627749997735e-09,-8.15665174725561e-10,2.55806183744114e-10,-7.5263567249732e-17,-8.47838875286753e-17,-1.54139506384e-16,2.13696248196893e-16,-1.95786334031018e-10,2.91656363924706e-16,-5.18119055132566e-17,-4.03702678924978e-16,3.28877771942379e-16,-3.45494864845562e-16,9.99697005796329e-16,0.707106781186548,-1.06955647953419e-16
"t144",0.034115750672465,0.169408130010221,0.0363612417680731,-0.00552669724569529,0.0020707218352771,-0.00540763003927449,0.0508349749096989,6.83682066198357e-05,-1.97957909984391e-05,0.345319328534063,0.0547201708929715,-2.89747748133947e-05,0.071893888962402,-0.0255836659893787,-0.000485132360294349,0.0191593413936858,-0.114599999962801,0.00131263835717458,-0.000285993767474354,0.00191009301612236,0.0346927418573627,-0.00024240015055012,-1.83896132170046e-06,-8.28724798438187e-05,-0.00711292184982234,0.000710858081354956,0.00254148649252596,-0.00449001901551855,0.00282185819913081,-0.0004435987420348,0.357734129092035,0.179329751671717,-0.01049950571109,-0.000289102467845468,-0.00522081432603334,0.0069071914235984,0.0211487184667869,-0.000105952354238897,-3.12017331912454e-05,-0.0132340786422605,-0.00410764732553285,-4.45250564016878e-07,0.002774717145103,0.0472449052902069,0.0257720914040115,0.0212069170992334,-0.00158841226087215,-5.22592883098194e-06,-7.19323199404735e-08,0.00119929187905801,-5.76905065058191e-06,-1.35508521733188e-05,1.79205280802933e-05,-3.79568289563869e-07,4.85438758451895e-06,-2.06570518398025e-08,2.00630347528194e-07,0.136345779439891,0.000609755469960906,-1.56985833420394e-07,-4.71392119845318e-09,-2.10084756535611e-09,-3.52184649807339e-08,-2.04216498373225e-08,6.18121040722882e-07,1.24621073898691e-09,-1.22476789500754e-07,-8.96829156923039e-08,-1.89515783402365e-07,-1.16190793562855e-06,1.55533145515946e-05,5.10919581102678e-07,-4.71885048157223e-09,-2.36396103490697e-05,-6.8007986588221e-05,0.000133281444851229,1.27068494615301e-16,-8.08205880936733e-05,5.15985288459565e-05,5.0562852516034e-15,2.03550954214896e-06,0.00022046291866373,-3.58900517911431e-09,-4.22575618715592e-07,-4.57507070665759e-06,0.000408588287233029,3.90261435023178e-06,-0.00168074439396033,-6.26612197019306e-08,-2.00034155906081e-09,-3.79108417776931e-08,-3.7791468587324e-09,-6.63717132840143e-05,3.08940906890657e-05,-5.75378704011194e-16,7.22906303679178e-16,4.46472167577906e-07,-0.000169289716102122,0.000178282657047531,-7.69980644590995e-08,-0.365106188096741,-0.00209277816141732,-1.45936475025137e-07,1.04733337000541e-05,9.62900155710007e-16,-3.50944767747125e-17,-4.51740184322091e-10,-0.000104441657177994,-7.63928850733286e-16,6.76864933208411e-16,9.64983321329101e-17,-5.22130063009824e-17,2.87666028703833e-09,-4.21811300818642e-09,-1.70807669115473e-10,1.17641952949998e-08,5.96094153040943e-15,-1.60415263537883e-10,-1.95321914569697e-06,2.20309881449055e-16,1.99355222184831e-16,-4.10543208161194e-17,-0.000457506567931677,1.17171953292316e-11,1.19753225391594e-09,-2.31468071272556e-10,7.66401591170175e-11,-1.16555520122438e-16,-1.8507053238448e-16,-1.37808893988085e-16,-3.78169717762944e-16,-6.76552473440929e-11,8.19785713606299e-16,1.89188451143599e-16,3.52124471074411e-15,-0.707106781186547,1.4455876135463e-15,-5.29620692529191e-17,5.10620368049093e-16,-3.47320581865895e-16
"t145",0.034115750672465,0.169408130010221,0.0363612417680731,-0.0055266972456953,0.00207072183527709,-0.0054076300392745,0.0508349749096988,6.83682066198347e-05,-1.97957909984909e-05,0.345319328534062,0.0547201708929715,-2.89747748133586e-05,0.0718938889624019,-0.0255836659893786,-0.000485132360294405,0.0191593413936858,-0.114599999962801,0.00131263835717461,-0.000285993767474339,0.00191009301612229,0.0346927418573626,-0.000242400150550094,-1.83896132172144e-06,-8.28724798437683e-05,-0.00711292184982227,0.000710858081354945,0.0025414864925259,-0.00449001901551848,0.00282185819913087,-0.000443598742034852,0.357734129092034,0.179329751671716,-0.0104995057110899,-0.000289102467845446,-0.00522081432603332,0.00690719142359849,0.0211487184667869,-0.000105952354238864,-3.12017331912384e-05,-0.0132340786422607,-0.0041076473255328,-4.45250564055723e-07,0.00277471714510311,0.047244905290207,0.0257720914040116,0.0212069170992334,-0.00158841226087209,-5.22592883096806e-06,-7.19323199006321e-08,0.00119929187905802,-5.76905065060966e-06,-1.3550852173436e-05,1.79205280802924e-05,-3.79568289232469e-07,4.85438758428085e-06,-2.06570514705419e-08,2.00630347472683e-07,0.136345779439892,0.000609755469960673,-1.56985833476772e-07,-4.71392119652872e-09,-2.10084775964514e-09,-3.52184649525717e-08,-2.04216498700654e-08,6.1812104055895e-07,1.24621050165506e-09,-1.22476789555072e-07,-8.96829154317159e-08,-1.89515783045879e-07,-1.16190793539897e-06,1.55533145514974e-05,5.10919580836398e-07,-4.71885039239703e-09,-2.36396103490749e-05,-6.80079865881655e-05,0.000133281444851242,3.06178693509906e-16,-8.08205880937461e-05,5.15985288458871e-05,4.84746791318269e-15,2.03550954195605e-06,0.000220462918663617,-3.58900519285382e-09,-4.2257561875419e-07,-4.5750707066925e-06,0.000408588287233201,3.90261435011946e-06,-0.00168074439396065,-6.26612191338086e-08,-2.00034154518303e-09,-3.79108418379205e-08,-3.77914694069809e-09,-6.6371713284108e-05,3.08940906891438e-05,-5.80149193572283e-16,7.51678863039229e-16,4.46472167605662e-07,-0.000169289716102156,0.000178282657047572,-7.69980650593138e-08,-0.365106188096742,-0.00209277816141734,-1.45936475602799e-07,1.04733337001062e-05,1.09467422554424e-15,-1.02531852053258e-16,-4.51740119269961e-10,-0.000104441657177943,9.36750677027476e-17,1.08057758020915e-16,-1.5334635437891e-17,-2.91306163308768e-17,2.87666069350573e-09,-4.21811293532803e-09,-1.70808178978486e-10,1.17641952949998e-08,5.9676556252548e-15,-1.60415244672765e-10,-1.95321914571477e-06,5.98479599211998e-16,-1.4042076657745e-16,-1.93532351131328e-16,-0.000457506567931607,1.17169004533457e-11,1.19753222789509e-09,-2.31468366609228e-10,7.66403587186375e-11,1.09288251094855e-16,8.90157731340828e-17,-1.0793951953864e-16,6.10839503978333e-16,-6.76550662823301e-11,-9.15505314786026e-16,-2.74513559008449e-16,-3.66029363936538e-15,0.707106781186547,-1.62183716907151e-15,-7.93693762554426e-17,-5.17996536372759e-16,5.86047118053245e-17
"t101",0.033997914566212,0.168614459281805,0.036052731690654,-0.00545701147758059,0.00203552118019379,-0.00530173375966328,0.0496798952428042,6.63479482417694e-05,-1.92071114395206e-05,0.331266629831373,0.0524117874009194,-2.73481493882785e-05,0.0669699146428546,-0.0237655566174344,-0.000447821330054138,0.0175817745769966,-0.105048969788767,0.00118044136210879,-0.000257106138763202,0.00170901436504279,0.0308279449236198,-0.000214592699608195,-1.62058916104398e-06,-7.22619643987125e-05,-0.00604758961546344,0.000602667111096552,0.0020706333736789,-0.0036562173871866,0.00225721763568203,-0.000353573682844442,0.279063231230552,0.139672419962024,-0.00814766964495826,-0.000215275991516032,-0.00387251930616125,0.00506940847376352,0.0154912705841243,-7.44116690314296e-05,-2.18010690651756e-05,-0.00903981292103765,-0.00273056643258326,-2.90808527096831e-07,0.00176448895073239,0.02893511709308,0.0153109789223821,0.0124383811187002,-0.000931156939904042,-3.01673360711407e-06,-4.14337239372197e-08,0.000659127169774642,-3.04287209658763e-06,-7.04094784000162e-06,9.19643668448452e-06,-1.81506797837173e-07,2.23974461480914e-06,-8.45178090747044e-09,7.78707867424289e-08,0.0518086860863846,0.000175681636811808,-4.24421023291488e-08,-1.184930475273e-09,-3.85365843402763e-10,-6.29559111916742e-09,-3.60830782765963e-09,9.32305583276928e-08,1.54012344002162e-10,-9.82858107824013e-09,-4.02011051317129e-09,1.18254675669782e-09,1.6756701765085e-08,-5.20338894496181e-07,-2.20369139507584e-08,2.75124247853481e-10,1.57516833767385e-06,5.2626800273025e-06,-1.174709647406e-05,2.09251019289702e-16,1.36537797129077e-05,-9.00648472746887e-06,-1.25268719008975e-15,-4.51774384831541e-07,-5.58201466170898e-05,1.05331573755948e-09,1.31366665080679e-07,1.69835309739145e-06,-0.000232021783874559,-2.80473889230208e-06,0.00142056267246805,5.48222426365909e-08,1.76352750458353e-09,4.0090643077821e-08,4.28082488641152e-09,7.96416144132478e-05,-4.08928493763425e-05,1.30884811909353e-15,-1.57524504216086e-15,-7.36450783486806e-07,0.000296148650291402,-0.000313479291524949,1.47411881850495e-07,0.853128775395275,0.00509891486971559,5.89686793102048e-07,-4.28376198888143e-05,-2.15871498308378e-15,3.5437053369123e-16,5.25839561737323e-09,0.0012869162403197,1.06490337381526e-15,-8.691063905376e-16,-5.25948758616296e-17,1.93475055675982e-16,5.07838085122636e-08,-7.30463314002616e-08,-2.73968905471522e-09,9.18335843792806e-08,4.46957289162631e-14,-1.03208801661286e-09,-1.25596524319639e-05,-1.10154940724527e-15,-1.36967687947466e-16,3.26489190856949e-16,-0.00175039840314877,4.46445241615145e-11,4.52034494211051e-09,-8.33403022374585e-10,2.5531239096618e-10,-1.78644473007296e-16,2.25648888635758e-16,2.00256838661618e-16,-1.32272665043232e-17,-1.8318853535872e-10,1.84918681972111e-16,1.16013280103488e-16,-2.2570378725717e-16,5.3002449933057e-16,-2.89333272406423e-18,-1.66866899567067e-16,-4.81778877420863e-17,-2.3108975559041e-16
"t151",0.0335626007967926,0.165678791886982,0.034907177468457,-0.00519716131224937,0.00190366785164529,-0.00490401096156428,0.045327525068625,5.86811130151423e-05,-1.69726453862252e-05,0.27730545570174,0.0435337083564771,-2.09974786673493e-05,0.0474839466469443,-0.0165501004099684,-0.000298780593580891,0.0112416162535704,-0.0666204898980352,0.000637903011498876,-0.000138510220997637,0.000879412611194254,0.0147682281108865,-9.8590769011231e-05,-7.05276436124196e-07,-2.72922326861776e-05,-0.00141106534250654,0.00013037971574403,-7.34336961266888e-05,0.000142725768230149,-0.000364945520177342,6.61012538092022e-05,-0.0962821092007102,-0.0498582245136418,0.0031369369465608,0.000155230591299009,0.00292293372384712,-0.00430140194700916,-0.0134182869325208,9.44457166728785e-05,2.88157744218094e-05,0.0141235189356338,0.0051113558271441,6.06467579863315e-07,-0.00428684744031376,-0.0856126950310737,-0.0525040588966743,-0.0452684806445781,0.00339698865607866,1.17985624570327e-05,1.63623693310641e-07,-0.00318247967959087,1.73393948377926e-05,4.25350818115143e-05,-5.82681939921637e-05,1.49192600810856e-06,-2.08873588759753e-05,1.18129485297517e-07,-1.29125456480982e-06,-0.919538977239485,-0.00744632341429973,2.20156553650246e-06,7.7766764604317e-08,7.86246065614948e-08,1.43165338448197e-06,8.62774243325939e-07,-4.97923863649109e-05,-1.00101543364729e-06,-8.01999845288456e-06,-3.22544420332458e-06,-4.24778886199155e-06,-2.46224993324521e-05,0.000293113922377485,9.12507856084491e-06,-7.79866692747177e-08,-0.000375515294737153,-0.00102931949032749,0.0019273897038239,-1.36370949255227e-15,-0.000885946049434358,0.000556634019470361,5.06974020056394e-14,1.94069815958088e-05,0.00195603759992165,-2.92747145723951e-08,-3.33240909028524e-06,-3.23965189736582e-05,0.00217939450850183,1.74080002215618e-05,-0.00653314748068644,-2.36042296740359e-07,-7.4821829565419e-09,-1.18099523086157e-07,-1.08838841047371e-08,-0.000178035873132882,7.24026449775298e-05,-3.7898525384668e-17,-1.69681223975654e-16,6.96901242097994e-07,-0.000227442908769174,0.000236115749034418,-7.70368026210833e-08,-0.0695954823549697,-1.99074179316524e-05,3.84987588224282e-07,-2.84355684403818e-05,1.15587598494621e-16,-1.43598342756496e-16,6.21878012280197e-09,0.00153955929324013,-3.49763620843824e-16,4.46272477263601e-17,6.44701334591619e-17,-6.44830081102486e-17,7.84080043752752e-08,-1.12954822645457e-07,-4.2636674139608e-09,1.54825320860738e-07,7.60048232439946e-14,-1.78872206629821e-09,-2.17690763529372e-05,-2.69749500514394e-16,2.82334572079493e-18,-3.66134046672654e-17,-0.00328702224013658,8.38883527801235e-11,8.50571064275885e-09,-1.57906737251884e-09,4.89023380058524e-10,2.48544629163158e-16,-7.35592946522485e-17,1.67740709962667e-16,-3.19839640883224e-17,-3.59246400910649e-10,-9.62131274901091e-17,-2.42095713719843e-17,-2.95228251567803e-16,1.28067593591713e-16,8.76572702926138e-18,-2.96869505317321e-17,-2.34228858777031e-16,-4.29468332791175e-17
"t30",0.0235913721714418,0.0959840680244298,0.00396422216255322,0.00323404805165563,-0.00372642642820237,0.0163614975511304,-0.296864210281437,-0.0089981993234234,0.00357247734096425,-0.0388581328365654,0.0294730831751375,-3.08070547899021e-05,0.0426116088672888,-0.0125873245584887,-0.000127817414479821,0.000747667863774694,0.000871934051955827,-0.000471632314192465,0.000105148840811913,-0.000871938294986246,-0.000675128170782552,0.000395233979658471,2.27421426357837e-06,0.00011114812700553,0.0122963919389158,-0.00125298592119935,-0.00466765720969561,0.00821986918377609,-0.00414959487081717,0.000599824113649998,-0.0471389428366574,0.000596797445254181,-0.00368642223531153,-0.00335112068946451,-0.0749088036642697,0.18351053861164,0.636163825371724,0.209757275202086,-0.023282892969426,-0.388234425045129,-0.00957501709706546,6.47711501676374e-07,-0.0083772573793395,-0.0926312673337135,0.011649580001184,0.00331859713314717,0.000900322847854992,-2.53368054598333e-05,-3.71319720148267e-07,0.0183493905711686,-0.000175502006610664,-0.000516840594189633,0.000820516163616714,-5.16926769896245e-05,0.370636768137319,1.19284369365551e-05,-3.14588970760188e-05,-3.09958339298457e-05,-0.000262899683898373,0.000100582054150486,3.18791869286861e-06,2.75727932655054e-06,5.00544719609175e-05,3.0138447906945e-05,-0.0298825579470573,-3.27430851261138e-05,-0.00027005602044129,-0.000113361437639212,-0.00016649008403349,-0.00098858375160139,0.0125590762172278,0.000406380318651273,-3.72361168419894e-06,-0.0187316120174092,-0.0547043791925847,0.110150554050722,-7.82902388751783e-16,-0.205770101894362,0.177664113375842,1.92576668045334e-11,-0.00227845858175982,-0.106955263186898,8.55176468928204e-07,7.8186702373444e-05,0.000393618132465836,-7.23549030572942e-06,2.86929948361144e-05,-0.000127006967990685,-1.92473940357639e-06,-4.89342375196988e-08,-5.54713569084865e-07,-5.29411448741161e-08,-0.000890233558481574,0.000376386362295061,-2.36000719012342e-16,8.70717810904786e-16,3.7659805270185e-06,-0.00121643034261267,6.12514189639717e-06,-3.9988947514967e-07,-7.46597910545553e-05,0.00254241018429316,2.91113509609314e-06,-0.000214763833390186,1.34657227597166e-16,-1.08504949165253e-16,4.18899560455932e-08,0.000157277173977851,-3.89770681008539e-17,6.10673833577005e-17,-7.15819182553027e-18,-1.39469383345446e-17,5.79283074580143e-07,-8.34423064261479e-07,-3.14817168506352e-08,1.13367876232884e-06,9.5114874311464e-15,-1.30229545020023e-08,-2.77533991856872e-06,1.07552855510562e-16,-8.44728584942513e-17,-4.07370165007871e-18,-0.000464318055399628,-1.22931135517469e-08,8.99288241178707e-08,-1.22353128994548e-08,3.61787888842756e-09,-5.96149068202054e-17,5.13900962133629e-17,2.22861671106136e-17,-3.9790219730218e-17,-2.56072715937024e-09,-4.04740670606953e-17,5.41246769422703e-17,-4.67602844465842e-16,-1.42005790662296e-16,-2.38006000929568e-16,-1.56653427010786e-16,7.93155200462666e-17,-2.04179928107518e-16
"t45",0.0242066030135196,0.0994257001136229,0.00423299962581547,0.00357631789938925,-0.00428829584975735,0.0193017219635809,-0.361483623809149,-0.0118150564190672,0.00470123615332387,-0.0591251415348849,0.0458693580216166,-6.21269695586572e-05,0.121741496195465,-0.0396568895905564,-0.000531921101722135,0.00454668511916928,0.00581448310037361,0.00369142899719626,-0.000790544027625416,0.00414435443324931,0.0020520632368982,-0.000995182733741241,-4.69800978934048e-06,-0.000157935822325471,-0.00905742943021409,0.000866272367157319,0.00144732855726939,-0.00252232669203986,0.000890811424257046,-0.000119507212985735,0.00571410514464308,-6.94390161731177e-05,0.000388490755133081,3.12334531440789e-05,0.000167048424425392,0.00290255192549643,0.0120708414121434,0.0158179779337515,-0.00188824690796811,-0.0402911037462994,-0.00121304661019128,9.03401881650658e-08,-0.00130892467254194,-0.01623637076054,0.00218041968973618,0.000634701185899758,0.000172331340356379,-4.95460559467656e-06,-7.28031915339533e-08,0.00371639491511003,-3.47655455449399e-05,-9.95786255297532e-05,0.000152463982909404,-8.64724382811924e-07,-0.691170866241321,5.63621293564503e-06,-1.41146139225421e-05,-1.37708053197286e-05,-0.000116013271695816,4.43643044030833e-05,1.39627571839229e-06,8.30095908156692e-07,1.30100983560335e-05,7.13364123779917e-06,0.482469482706133,-3.13652236618028e-05,-0.00021311398258355,-8.86763451205579e-05,-0.000135485153449374,-0.00081195369187491,0.0105620302032355,0.000346249815023424,-3.24224557562703e-06,-0.0165155644815991,-0.049047673700875,0.100495790694021,-6.58327559133198e-16,-0.218349480032208,0.190771147730759,2.07805981623788e-11,-0.00272524791474622,-0.138537256460112,1.24243433648168e-06,0.000119953738439775,0.000751791479355916,-8.00394428820389e-05,-0.000111170705717672,0.000225759842231427,3.02729702503289e-06,7.50015182529595e-08,5.03434062122188e-07,4.06456938293297e-08,0.000598990846753068,-0.000204937717573041,9.6746317444719e-17,-1.06181040146308e-15,-1.32409635461399e-06,0.000382401587028982,-1.90696485612354e-06,1.06041105316784e-07,1.35689394145638e-05,-0.000426081431643289,-1.51129237683373e-07,1.07427002175448e-05,-1.76659779480576e-15,1.94068858067482e-17,1.72568806206669e-09,6.87119770629034e-06,2.00577401909818e-17,2.29332439014944e-17,-1.77507747747743e-16,-7.50319371827428e-17,6.44768584373177e-08,-9.32992971925534e-08,-3.58681319118696e-09,1.62671617676136e-07,1.24398869953485e-15,-2.02386807866047e-09,-4.31414442055826e-07,1.73038666728687e-15,3.62649113492095e-17,-1.21250280709185e-17,-9.29431208620377e-05,-2.46623791878744e-09,1.81334194934019e-08,-2.53204895180222e-09,7.82203749580095e-10,-4.39449158743785e-17,-7.54925488603771e-17,-3.8666407525947e-17,-1.03432887255117e-16,-6.26556213758744e-10,9.2594038805724e-17,6.26832212716042e-17,-2.87855676794901e-17,8.47055133636822e-17,-2.78261702804956e-16,-8.02685362002056e-17,5.03764374081617e-17,-2.76692599862624e-16
"t91",0.0244652170951877,0.100873471857418,0.00434632374543258,0.00372098806172248,-0.00452641730738006,0.0205497464049389,-0.388964613018819,-0.0130179746772823,0.00518331950323819,-0.0678390636470786,0.0529254640276194,-7.57213018486807e-05,0.156350032674119,-0.0515149862670916,-0.00070958377890995,0.00622253668909898,0.00799613437874651,0.00554894728950393,-0.00119026751736959,0.00638893965829895,0.00327703741830016,-0.00162100919213727,-7.8441021576953e-06,-0.000280060346981627,-0.0188811041436476,0.00184269313300629,0.00432293659874125,-0.00757525342621776,0.00328263630932183,-0.000461440869657795,0.0310946657239715,-0.000389605292758529,0.00235003407448501,0.00168894862631966,0.0370209136294069,-0.0861326646406691,-0.295828384562127,-0.081320176732587,0.00884530020402135,0.135431735872903,0.00303739014036867,-1.93867368507468e-07,0.00230559897517159,0.0227920358516308,-0.00262514083280099,-0.000720710171264205,-0.000195231475073997,5.25386037204898e-06,7.65083144978326e-08,-0.00326933161008716,2.67414509004798e-05,7.32317669986848e-05,-0.000108186882619277,5.11530240030309e-07,0.377217273967375,-2.45234586340359e-06,5.65958142091628e-06,5.3574525132607e-06,3.46726469316761e-05,-1.29458348561328e-05,-4.0528807274005e-07,-4.68061547367893e-07,-9.19796780731173e-06,-5.77687515420272e-06,0.172768489028789,-1.72591174871934e-06,2.34928939582028e-06,1.79066442270401e-06,2.42650439981687e-06,1.36839678327225e-05,-0.000148148381074502,-4.30859808830898e-06,3.18604751847886e-08,0.000137709447367208,0.000312857212127249,-0.000440943290840846,1.28841165167315e-15,-0.00234018545171649,0.00224045137486642,2.53240869029989e-13,-5.50172519833579e-05,-0.00353299011039172,3.98031438191729e-08,4.16783873153693e-06,3.28088590584836e-05,-5.42647402948836e-06,-9.15449931056943e-06,2.08958900361819e-05,2.86795441300369e-07,7.14153031069337e-09,5.36754204995057e-08,4.50629247404546e-09,6.85199798893823e-05,-2.46541678172276e-05,8.17339675010905e-16,-1.83379037598076e-15,-1.76112060870193e-07,5.21012979382899e-05,-2.60350812095955e-07,1.49605679606798e-08,2.05052702288201e-06,-6.52358666169929e-05,-2.62603797075169e-08,1.87117813803522e-06,-0.707106781186547,-8.82777395988592e-15,3.43499565380254e-10,1.37345582600443e-06,4.96355886080158e-15,-1.99064768835288e-15,-1.39661472363742e-15,2.16024792660186e-15,1.46231129052239e-08,-2.11822041483673e-08,-8.17926348970451e-10,3.95636010072989e-08,-1.30740018833803e-16,-5.06009446203746e-10,-1.07872301311869e-07,2.01661604082304e-16,-4.21955972524509e-17,-1.60732803375353e-16,-2.59995997656613e-05,-6.90720271475813e-10,5.09248852700699e-09,-7.212855043326e-10,2.28526521003133e-10,-2.79697541237233e-16,-1.19499776089543e-16,-6.21169295739079e-17,-2.57823276617053e-16,-1.98474663272311e-10,1.58287467829001e-16,1.27173289627457e-16,-9.58638008384527e-17,-2.13953919609906e-17,8.60244687100694e-17,-1.62523501808615e-16,2.55530805758231e-16,-8.0252712032931e-17
"t92",0.0244652170951877,0.100873471857418,0.00434632374543259,0.00372098806172247,-0.00452641730738007,0.0205497464049389,-0.388964613018819,-0.0130179746772823,0.00518331950323812,-0.0678390636470787,0.0529254640276193,-7.57213018487732e-05,0.156350032674118,-0.0515149862670916,-0.000709583778910039,0.00622253668909893,0.00799613437874655,0.00554894728950385,-0.00119026751736949,0.0063889396582989,0.00327703741830006,-0.00162100919213722,-7.84410215771495e-06,-0.000280060346981659,-0.0188811041436475,0.00184269313300636,0.00432293659874137,-0.00757525342621772,0.0032826363093219,-0.000461440869657684,0.0310946657239712,-0.0003896052927587,0.00235003407448505,0.00168894862631951,0.0370209136294069,-0.086132664640669,-0.295828384562127,-0.0813201767325868,0.00884530020402133,0.135431735872903,0.00303739014036865,-1.93867368482056e-07,0.00230559897517156,0.0227920358516306,-0.00262514083280056,-0.000720710171264324,-0.000195231475074113,5.25386037197005e-06,7.65083146016311e-08,-0.00326933161008699,2.67414509003072e-05,7.32317669985202e-05,-0.000108186882619554,5.11530240287402e-07,0.377217273967373,-2.45234586298423e-06,5.65958142097439e-06,5.35745251302661e-06,3.46726469314645e-05,-1.29458348561873e-05,-4.05288072365157e-07,-4.68061546876966e-07,-9.1979678070036e-06,-5.776875154705e-06,0.172768489028791,-1.72591174882428e-06,2.34928939627512e-06,1.79066442266705e-06,2.4265043992867e-06,1.36839678329692e-05,-0.000148148381074815,-4.30859808939188e-06,3.18604751302299e-08,0.00013770944736735,0.000312857212127406,-0.000440943290840474,-7.08255069176156e-16,-0.00234018545171771,0.00224045137486639,2.5308655995579e-13,-5.50172519838955e-05,-0.00353299011039266,3.98031431416633e-08,4.16783873037528e-06,3.28088590585342e-05,-5.42647402938336e-06,-9.15449931132577e-06,2.08958900361967e-05,2.86795441028776e-07,7.14152991864586e-09,5.36754206094709e-08,4.50629169547988e-09,6.85199798895241e-05,-2.4654167815666e-05,-1.39443275685959e-15,3.83101859586313e-15,-1.76112059514723e-07,5.21012979385952e-05,-2.60350815711158e-07,1.49605707852433e-08,2.05052702684139e-06,-6.52358666146772e-05,-2.62603860505333e-08,1.8711781348173e-06,0.707106781186548,8.67385118924129e-15,3.43506273989616e-10,1.37345582278109e-06,-5.02264787920204e-15,1.9959201062797e-15,1.32499208477745e-15,-2.02914402902431e-15,1.46231118385587e-08,-2.11822029279893e-08,-8.1792694426563e-10,3.9563600520709e-08,9.58997753989954e-16,-5.06009455907355e-10,-1.07872300159841e-07,-2.45788632502464e-16,4.37431751416363e-17,2.01412279864442e-16,-2.59995997657783e-05,-6.90720192247739e-10,5.0924888960694e-09,-7.21285829322202e-10,2.28526485895311e-10,2.21597731288267e-16,8.17281470955587e-17,-8.34056428333441e-18,-1.07715485836435e-16,-1.98474605199732e-10,-1.74761122414475e-16,-5.32294352134058e-17,3.39287517352183e-17,-7.57215440475208e-17,-1.22142348374561e-16,8.297713952586e-17,-2.4015795716006e-16,-5.24971364147417e-17
"t51",0.0243271863952641,0.10010066855513,0.00428581306580913,0.00364371237145998,-0.00439917595221534,0.0198827074032289,-0.374272615166212,-0.0123744733269358,0.00492542455854734,-0.0631728060528631,0.0491464361101912,-6.84310092481472e-05,0.137768000257123,-0.0451465023379619,-0.000614112667168359,0.00532148148636209,0.00682300506859377,0.00454828801817169,-0.000974926550892887,0.00517916829599093,0.00261636546204445,-0.00128335458096628,-6.14591180785547e-06,-0.000214070396044732,-0.013559138139853,0.0013135604980952,0.00275793590498704,-0.00482512211112723,0.00197824921410205,-0.0002748910548821,0.0172132315825216,-0.000214463809357864,0.00127654117252282,0.000777166059168336,0.0167405169540659,-0.0370713932152145,-0.126123340940685,-0.0274819666872631,0.00289211948128722,0.0376616937975605,0.000663178117842481,-3.46953019597102e-08,0.000272884781799495,0.000709083055449777,0.000108119041695503,5.19572241129703e-05,1.43213616786959e-05,-5.82370181190228e-07,-8.88784940023133e-09,0.000761987200894109,-9.05342797311807e-06,-2.76619453644806e-05,4.44072753306185e-05,-3.0769815101941e-07,-0.264657347763889,2.58455118629594e-06,-6.88449814427059e-06,-6.87468506123814e-06,-7.71132933699576e-05,3.18231072946682e-05,1.10798348385127e-06,1.87721941700275e-06,3.78999852616837e-05,2.40907153683128e-05,-0.839351036507747,9.91847099221792e-06,-1.80433200329101e-05,-1.80084869784205e-05,-3.9544905918132e-05,-0.000245037113647493,0.00340105616946624,0.000114618683479201,-1.11464402874063e-06,-0.00578329569839961,-0.0175517749978568,0.0366779870988732,-3.17996497189998e-16,-0.0885907087388963,0.0778250469422004,8.49491511205683e-12,-0.00115707820163224,-0.0601026554822156,5.51956279464754e-07,5.37763050709965e-05,0.000346371855111632,-3.91724745729075e-05,-5.60584579163368e-05,0.000116017776786789,1.56174164988448e-06,3.87250203640055e-08,2.64982614594681e-07,2.15402694695756e-08,0.000319195881690205,-0.000110198565861599,6.06141439385585e-16,-1.39214976025863e-15,-7.25250336779983e-07,0.000210403329656524,-1.04964648717694e-06,5.87329162023836e-08,7.6159349369777e-06,-0.000239763544155672,-8.72372982957739e-08,6.20416694463791e-06,-5.9501490116198e-18,4.20418694508458e-17,1.02518055069417e-09,4.08568533647268e-06,4.7867525915235e-17,6.16436176223349e-17,2.09063721518677e-16,3.55168348403919e-17,3.94346605462074e-08,-5.70764861988066e-08,-2.196474705389e-09,1.01120074676511e-07,7.5436451488736e-16,-1.26634522497077e-09,-2.69944119972628e-07,-3.69062419514066e-16,-1.47910731747157e-17,-1.53255980818068e-17,-5.97739219105726e-05,-1.58657020507547e-09,1.16734920670852e-08,-1.63587694291308e-09,5.08614001826571e-10,-7.16274746300404e-17,1.17584612807362e-16,5.80519361334384e-17,2.90566182226115e-16,-4.16074177878294e-10,-2.88270294971034e-17,-1.71346090357177e-16,-1.51422385914757e-16,6.0439472709491e-17,-1.28538067127046e-16,-1.45200573481031e-16,-1.47421846061101e-16,-2.8411935398093e-16
"t36",0.0237571730247499,0.0969165374093686,0.00403824751057277,0.0033299883870777,-0.00388686776256378,0.0172101999242835,-0.315761565288119,-0.00984536479913958,0.00391220945880677,-0.0452323884596219,0.0346604420249863,-4.12685063062004e-05,0.0703059945051916,-0.0221525994646331,-0.000273725402778147,0.00214683311155365,0.00269889596125251,0.00116556237903903,-0.000247465049180665,0.00113252161725652,0.000438019984680565,-0.000178793453864302,-6.44141114041407e-07,-5.07216747698547e-06,0.00238793930665201,-0.000261874404676427,-0.00149292930624898,0.00263533741145047,-0.00141124344403006,0.000205642530941921,-0.016667674777316,0.000211295116667343,-0.00130861734688116,-0.00118961293761483,-0.0265352784206087,0.0645385296262336,0.223384895411792,0.0702999948442074,-0.00774700247623361,-0.124690525272757,-0.00292661608024932,1.90950370279408e-07,-0.0023240134735019,-0.0232803039531643,0.00266799675209237,0.000727894788138093,0.000197116944410562,-5.24674590476892e-06,-7.62640697155726e-08,0.00307375445881926,-2.31195279084967e-05,-6.08632903574434e-05,8.66650975648343e-05,-3.02579902903527e-07,-0.173966535190289,-2.05875935401617e-07,2.0908110571205e-06,2.63143202895782e-06,7.95672026236596e-05,-3.51339552035462e-05,-1.27966100353747e-06,-1.69382408093943e-06,-3.16251977501374e-05,-1.92844347464273e-05,0.0455041075027727,2.60711144016779e-05,0.000265354888908629,0.000129946735275841,0.000235486206824375,0.001444906131439,-0.0197994542935838,-0.000665605100753898,6.47337176690188e-06,0.033643504335935,0.102467898472522,-0.215165397551354,1.92641042007224e-15,0.551945776953779,-0.487343914855485,-5.33133910282646e-11,0.00757973311972519,0.406104467147569,-3.883762126988e-06,-0.000385091686358759,-0.00263555719468921,0.00036020874766359,0.000589621425493036,-0.00135661752349166,-1.87063067748445e-05,-4.66352754274757e-07,-3.65779811590345e-06,-3.14402812394941e-07,-0.00489130653697536,0.00184221498671415,2.72398447308734e-16,-3.130974785475e-16,1.50508355324114e-05,-0.00465162938559886,2.3336639750179e-05,-1.43825981051282e-06,-0.000239882342110688,0.00800413107635647,7.63969454461652e-06,-0.000561785464625493,3.02361258941941e-16,1.60834091709866e-16,9.27401748972156e-08,0.000346502498509316,-1.53956708492942e-16,-1.71670263607903e-16,4.22296806921948e-17,6.2219990892965e-17,1.11084876099619e-06,-1.59836899895835e-06,-6.00304865511661e-08,2.02652761463126e-06,1.70036574823282e-14,-2.26688035257112e-08,-4.83057007483537e-06,-5.20417042793042e-17,1.64563166716224e-16,1.40271421075986e-17,-0.000730054737020319,-1.93088109106819e-08,1.40920672613704e-07,-1.89412835858646e-08,5.48316946686299e-09,1.03015554761538e-16,6.53085363098812e-17,3.46104538832048e-17,3.71664504728031e-16,-3.63747088612948e-09,8.6136662693639e-17,-2.65124265510237e-17,5.36354814728579e-16,9.9228145029674e-17,2.35367677966312e-16,-1.01948240418043e-16,3.8634880695976e-19,-1.49584607382792e-16
"t12",0.0189677086600051,0.0668724866970691,-0.00420995221141313,0.00386561837809511,-0.0028400821478779,0.00973971014938959,-0.119755601664478,0.000385229554155787,-0.000200828495817571,0.0199288747874988,-0.0381365692652118,0.000112444045703313,-0.370991136733212,0.133379098813562,0.00221056880726633,-0.0181534637375164,-0.075373388445012,-0.0473356013046672,0.0103176409934335,-0.0716606743917746,0.013391625139318,0.0512208601963118,0.000941391017281653,-0.00594413552212043,-0.0957346451032949,0.00848650281454893,0.00673715877633661,-0.0116465827997596,0.00315457320178568,-0.000401027265399608,0.00822184185047896,-0.0032527957266815,0.00108455705668824,5.68553800718261e-05,0.000718338458133273,0.000380347147483519,0.00193040998494222,-0.00719544518631123,0.000984096265679076,0.020792054599166,-0.00584993316667767,-1.15527780205255e-06,0.0104112732622717,0.119963403144783,-0.200657008924751,0.0187926274545743,-0.0191980715154958,0.000887956149224746,1.78514916649934e-05,0.108739547711838,-0.000514957948790844,-0.00127468312151068,0.00178098396355531,-5.9374377198579e-05,0.000277415658669273,6.24062971546769e-06,-1.0768615741414e-05,-2.88333321049179e-06,2.81464299456831e-05,-3.5840975630504e-05,-1.40794727961703e-06,-1.91845658123468e-06,-3.54970316656614e-05,-2.15412443867555e-05,0.00066756716526123,2.9310510000456e-05,0.000261227434659972,0.000113445021592229,0.000164617946483163,0.000967731837539632,-0.0118830039041263,-0.000375436860972087,3.27856423458176e-06,0.0159593907482537,0.044310911551418,-0.0839021764755496,2.15105711021124e-16,0.0297758442133368,-0.0144062412517112,-1.04094272264377e-12,-0.00137829754330188,-0.132575062740487,2.01612350928499e-06,0.000232770168887385,0.00240146892370356,0.000670579751711168,-0.00179786233110994,-0.00109205943393947,8.04653201438798e-05,2.03137880437632e-06,2.20320226574707e-05,2.15595256903124e-06,0.0375339157212467,-0.0172948632831275,1.87247775413463e-16,-1.51374420531511e-15,-0.000238883750387386,0.0872983333228378,0.000373211490959576,3.62671896200206e-05,0.00452654281482106,-0.827591375818276,0.000239705507080993,-0.0172260644607914,1.25969566665181e-15,-1.58954818708526e-15,1.30612327462441e-06,0.000871025254665222,7.36173275117658e-16,-3.46579978699987e-16,2.02008357321716e-16,1.25204563379925e-16,1.06851614312661e-05,-1.53375480033083e-05,-5.70299281241441e-07,1.68655579861812e-05,3.25621617778097e-14,-1.79474643577805e-07,-9.16513231793805e-06,-1.99493199737333e-15,-9.60912778114791e-17,2.49793420060652e-16,-0.00128425838359205,-1.30529454296147e-07,9.39114214186867e-07,-1.23432105179205e-07,3.45833087095414e-08,2.18188697757405e-17,4.24593961019523e-17,1.02782700732923e-16,-1.91686944095437e-16,-2.08943222033595e-08,-3.25974788556155e-17,1.14511987394679e-16,-3.44098664492587e-16,-3.82325097894153e-17,-1.80696807027911e-16,-1.28249880334693e-16,4.15274060820688e-17,-9.16732917929069e-17
"t13",0.0191105456364675,0.0675572450133413,-0.00428863041392835,0.00397389579867353,-0.00294832120857643,0.0101696559712395,-0.125930717744903,0.000411447301723073,-0.000214588968228646,0.0218438046669004,-0.041948201774208,0.000127898331208444,-0.435126620962668,0.15746207586644,0.00264914211988553,-0.0220656176744541,-0.0918592597679625,-0.060477892173642,0.0131932190332528,-0.0927443752078317,0.0176409338736354,0.0681353853187697,0.00126744104130262,-0.00823521885625746,-0.142645331519962,0.0127558118876038,0.0116295637295781,-0.0201473149952782,0.00590500767186321,-0.000764178143979908,0.0178609330010098,-0.00715013733383737,0.00245453173945602,0.000304728744837644,0.00523924884718223,-0.00514108138574357,-0.0143003847458564,-0.00603712690396432,0.000936634611771178,0.027051263976752,-0.00923648915078233,-1.99461039440338e-06,0.0200962632981377,0.264570593000786,-0.488376708168795,0.0476205511639107,-0.0487273935851769,0.00236433868912699,4.78538003611113e-05,0.337096705128314,-0.00181785027069133,-0.00472368555556749,0.0068751467120208,-0.000293374832559585,0.00157360680515517,6.31593520585327e-05,-0.000156245062847608,-5.01411714511739e-05,-0.000430279354693579,0.000406813589756166,1.25698164016152e-05,9.84656249115867e-06,0.00017714151507883,0.000106199093207414,-0.00286279581826252,-0.000110778759496027,-0.000833594973190001,-0.000322058580709082,-0.000404678539147126,-0.00232982934208898,0.0273073112798102,0.00084342521453469,-7.11715811429067e-06,-0.0340199243857202,-0.0923183253194079,0.1709586181892,5.68555619251399e-16,-0.0522612823204231,0.0250500980952352,1.80303948854599e-12,0.00222447254442338,0.204493165608504,-2.94499023650468e-06,-0.000332525106190043,-0.00319176404374018,-0.000735260917169502,0.0017554366947445,0.000981951412656774,-7.10803314578623e-05,-1.78740696854529e-06,-1.76451512268039e-05,-1.66617203048967e-06,-0.0281533562627988,0.0123308981342809,-1.84756407699517e-16,8.32589555600187e-16,0.000152234252201256,-0.0540184795561378,-0.0002303481806998,-2.14623739075194e-05,-0.0024346643074266,0.436561583612469,-0.000102026005404238,0.00729799085577303,-5.22006244802721e-16,8.54215523252942e-16,-4.09404439408873e-07,-0.000269985476555904,-7.83661330272523e-16,3.06805971670954e-16,-1.3621394656599e-16,-6.9302529227689e-17,-2.17583420637573e-06,3.10952679181443e-06,1.13491702694122e-07,-2.4319780655771e-06,-4.68782340212536e-15,2.16487813801871e-08,1.10482709893249e-06,8.5868812060852e-16,9.87609160266306e-17,-1.57250594917734e-16,3.13271158788294e-05,3.05040709599786e-09,-1.97498168496429e-08,1.0862261498254e-09,4.46835965906174e-10,1.51132045091346e-17,-4.9149357260771e-17,9.79845509417477e-19,2.55654872272082e-16,-1.72180575645688e-09,5.13148298542962e-17,1.72067410248352e-17,5.30066442128163e-16,7.47289257273137e-18,-1.2535711599776e-16,-4.54084167883394e-17,-5.26880240165918e-17,-2.48816257312486e-16
"t14",0.0192596874282144,0.0682755336799333,-0.00437235346788634,0.0040909455629181,-0.00306733433203197,0.0106471999706513,-0.132874976454292,0.000441748958471404,-0.000230505020460855,0.0241612766678764,-0.046590183007048,0.000147892849297614,-0.522898117488634,0.190820017272187,0.00327374581007204,-0.0277863976698416,-0.116086239416147,-0.0815911913877993,0.0178202039842842,-0.127457988471,0.0248781485125971,0.0974881933887044,0.00184652758566876,-0.0125355738047881,-0.244024464503414,0.0221391383947183,0.0255749158282831,-0.0444715339836481,0.0149242235016449,-0.00199020157798246,0.0572968230486022,-0.0233415266472526,0.00835775681556503,0.00209647569779267,0.0400647299009225,-0.0568163032844093,-0.17244730938126,0.0700157967063094,-0.00868360508215242,-0.13136404511012,0.0280054771026835,4.81815377540607e-06,-0.0366948306308911,-0.353033798516916,0.527656070267301,-0.0474549592902844,0.0484025285032466,-0.00214248496481324,-4.28222028123574e-05,-0.234528203109138,0.00103885834956074,0.0025229655296669,-0.00347688358421727,0.000110809301510011,-0.000517179822287183,-1.32875689977486e-05,2.70910065933872e-05,8.03673690161368e-06,2.02225815848356e-05,-1.23948788362215e-05,-1.78374108891202e-07,3.40329963918751e-07,6.63680829618058e-06,4.11352412000882e-06,-0.000154043657456194,-7.56276639763353e-06,-7.39578089069708e-05,-3.33269726349421e-05,-4.94577621061257e-05,-0.00029116684714334,0.00358157130772159,0.00011317371594412,-9.87683114449602e-07,-0.00480429949264786,-0.0133215748385423,0.0251821114346266,2.54570670099596e-16,-0.00875399714651669,0.00422773767674669,3.05255495360035e-13,0.000397893044730411,0.0378291035737154,-5.66381159477684e-07,-6.49442824153697e-05,-0.000654090041359896,-0.000169124404008527,0.000429390032784171,0.000250073272311636,-1.82534610949406e-05,-4.59848301270771e-07,-4.73478066049599e-06,-4.53904525841466e-07,-0.00776481175764033,0.00347049200591828,8.5178777832962e-17,3.0924593204044e-16,4.46785914042336e-05,-0.0160185811283358,-6.83675702621117e-05,-6.46186244252812e-06,-0.000755848829740893,0.136338976025163,-3.38096138855748e-05,0.00242124092725512,-3.47885149627332e-16,1.86390478722215e-16,-1.45112973614844e-07,-9.58998748356349e-05,-1.16334893107695e-16,1.3554505913165e-17,8.02307364249405e-18,-8.35955466767897e-18,-8.25571423751422e-07,1.18050416644724e-06,4.31878566477124e-08,-9.58357391238687e-07,-1.82829745394369e-15,8.66185944920893e-09,4.42072470357565e-07,6.80878964320897e-16,2.65349273152034e-18,-5.66390326958133e-17,1.33546566655333e-05,1.30127175532082e-09,-8.43828740475921e-09,4.67930439621705e-10,1.95338751196508e-10,-8.08300481578989e-17,1.32361273890177e-16,-2.89763495864261e-17,-6.47268696973846e-17,-7.89532523235749e-10,-2.54701495898594e-17,-5.95170120069493e-17,1.7523417612797e-16,-1.28983539381468e-17,1.05091238268311e-16,-6.77488798476628e-17,1.25013656186041e-17,-1.26756203955867e-16
"t4",0.0155181608169807,0.0452311141666105,-0.0105544583837322,0.00469902233665681,-0.00283219941966769,0.00862748565517944,-0.0842567648904749,0.00183525263452885,-0.000776021928590707,0.0141840324163174,-0.0377343774136643,7.72260107517356e-05,-0.177440316335043,0.0580226495966877,0.00073784826265727,-0.00304897978085379,-0.0282545686126833,0.00354804563268692,-0.000831895814655629,0.0117039319711112,0.0014812783360887,-0.0181050851270807,-0.000414461791197438,0.0038709413693889,0.11773448503688,-0.0110645053263769,-0.0176962364138329,0.0308575756170761,-0.0111536818217534,0.00150255701638869,-0.0289872784662229,0.0273366002046741,-0.00725010190980546,-0.00151819620490974,-0.0277131685906949,0.030092979970075,0.0820540410399176,-0.0741378627243814,0.00851373458014948,0.059024250914307,-0.0356221726632774,-4.62923259428443e-06,0.025886447107486,0.114031121232296,-0.11342752113852,0.00771968532594865,-0.0030714825850307,-0.000260008364740966,-6.25587863791902e-06,-0.168467653590708,0.00135341253160164,0.00388186746584772,-0.00606318362516336,0.000343629593592852,-0.000622896863948788,-0.000101919905994444,0.000269514955828755,3.9644249184456e-05,0.000504832924956806,-0.000901572451427874,-2.86440021726633e-05,-2.43503260420885e-05,-0.00044014773587309,-0.000264419949234879,0.00491538525017206,0.000289254098965344,0.00224436999642009,0.000885165116195163,0.00113814114149513,0.00657186279916143,-0.0774898178335926,-0.00239949542834429,2.0313603445513e-05,0.0972281196091853,0.264150897735959,-0.489366420783253,9.03790930983916e-16,0.124786855010754,-0.0471978538915321,-2.36132034064918e-12,-0.0071259572770187,-0.639904725171198,9.11307506774692e-06,0.0010257870133546,0.00975507812335588,0.00377745320902792,-0.00486676036722564,-0.00855957957237203,0.000182879655955029,4.57990974928046e-06,4.02605062707832e-05,3.58329361572172e-06,0.0571051566750238,-0.0220938319134038,1.46803818548991e-16,-1.2013289568277e-15,-0.000169358967367724,0.0481845588507518,0.000502645832127385,1.11284746927565e-05,-0.00266247100357435,0.308557988537961,-0.000454170400574334,0.0332869637536977,-6.58167955297785e-16,7.29425512906461e-16,-6.59091638555501e-06,0.00115026442414153,8.11850586757146e-16,-1.54568148798045e-16,-5.90867854967679e-17,5.41057763796209e-17,-0.00015641812701261,0.000227059716046023,8.85736388559829e-06,-0.00071939671191798,5.25439376162217e-14,2.1497013737091e-05,-1.48880194182454e-05,2.9767854847762e-15,6.92133125496249e-17,1.27516802848142e-16,-0.00214288608866399,-3.01265547614248e-06,2.10693002663589e-05,-2.45566899546856e-06,5.768355037729e-07,-8.17557716037786e-17,-1.54458461169142e-16,-8.51341552287751e-17,6.93889390390723e-17,-2.35652020971408e-07,1.16511319572482e-16,-4.77482004378292e-17,-1.54607229796433e-16,-7.67661526414548e-17,-2.66183774951528e-16,-1.98376539063244e-17,-1.95614188883526e-17,-2.97326752178909e-16
"t5",0.0563948848118315,-0.0210269248894789,-0.00526982450292871,0.00275011187060914,-0.00165817539816479,0.00471948114992013,-0.0328569530242671,0.00273648878618089,-0.00476347607475249,0.016314019736934,-0.102664985983927,3.9366512286417e-05,-0.0889530270945647,0.0108026848604306,0.00019480856308645,0.00239874294673101,-0.0168468920840414,0.0378697919948475,0.00784913193639983,0.105806438144011,0.000386193629239286,-0.0235841480995503,-0.000618736715401662,0.00638681887421013,0.243777372893356,-0.0238350007814882,0.029800515610132,-0.0383039926486987,0.143532310039441,-0.0753366647820686,0.0163977527393594,-0.0261755375657922,0.0047195498501177,-0.00354537499891282,-0.00758259148547974,0.00745619786441599,0.0153731224064663,-0.173325651445979,0.0270728011515097,-0.0410936436402663,0.0237045979750282,-1.33055590575541e-05,0.000412710273856151,0.0140705512285793,-0.026208720818603,0.00303998866421925,0.00715519743884726,-0.000239827318747042,-1.50796183819329e-05,-0.128034140822211,0.00118285334678246,0.0035974607608172,-0.00591099805854707,-0.000108714231933718,0.000455108000366647,0.0001041350970751,-0.00449095868011928,-1.18151178024335e-05,-8.65078704832364e-05,0.000571466480419312,1.49244112248115e-05,6.89429103755204e-06,0.00122061979772039,7.06523890999681e-05,-0.000435527961529485,-5.00392249474663e-05,-0.00739236870550828,-0.00300375859484255,-5.88169576558445e-05,-0.000308764295371382,0.00286248500412916,7.74401887903499e-05,-5.18122002392808e-07,-0.00214484818166916,-0.00472282966614028,0.0068446019053419,1.58716356030153e-15,0.00033635265095108,0.000224113131750991,5.24245902765175e-14,-0.0392776213349822,-0.0128764158545646,-2.18266821558578e-05,2.41041286050657e-05,-0.0403875841803753,0.000355326706603397,0.0321146740828382,-0.00175161103558222,-3.45451610939602e-05,-9.00132822636429e-07,-2.31904865542098e-05,-4.14361444623691e-06,-0.504622058506513,0.209913185212033,-6.41520754169129e-15,1.98206955007556e-14,0.000423984610942635,-0.652379630904839,-0.00331788416852039,7.41327796301991e-05,0.000743034638626438,-0.075714334892012,0.00102640070519125,-0.28411641966794,-5.80866023399226e-16,-1.21318877855201e-15,-3.52379903110177e-06,-8.2083765561382e-05,-8.8405845144468e-16,-1.20526541932338e-16,2.06412879314943e-17,-5.32650146972767e-17,0.0024750937527949,0.000112288404504378,-0.000142104838183718,-0.000350525771377449,-5.77221135714189e-16,1.0448596272956e-05,5.31109006507979e-08,2.43902120722339e-15,4.39511517140141e-17,-1.25223512720629e-16,-4.22816758107996e-05,9.96862572730498e-05,1.02672684063735e-05,-1.19828777696491e-06,2.82333708078526e-07,5.01670829415202e-18,-1.59703040534948e-17,-8.38980280422003e-17,-1.9109063290057e-16,-1.16904768374842e-07,2.5945512999117e-18,1.03832346559609e-16,-6.48339346619176e-16,-4.34956107297524e-17,-3.93293584858855e-17,-5.84434519811165e-17,-8.63983383501427e-18,-9.00727617692681e-17
"t40",0.102421881114854,-0.0600332038587352,0.00950098788987731,-0.000807168807062966,-0.000114924123492745,0.000937325765242783,-0.010976129327998,0.00199752750837646,-0.0113994118722559,0.0367366650121534,-0.310116345493043,-6.94034464436607e-05,0.106363074715366,0.107341607271358,-7.4922094696981e-05,-0.000959081903134971,0.00669474568402374,-0.0229871699971602,-0.011323526896804,-0.062146949685273,0.000343280325203533,-0.00464721339455261,-3.20140309902834e-05,-0.000117136062790143,-0.00172416588313792,5.81411066232838e-05,0.00689052245859697,-0.0105548642143264,0.0187971184587818,-0.00855910198041596,0.00596716539151691,-0.010261080937608,0.00222576214018799,0.000807432291662966,0.00476980714423411,-0.0032013375476205,-0.00622886318968685,0.0249004340576074,-0.00330945010893248,0.000777174968234479,0.00477923814350302,9.21942571396565e-05,-0.00452266121401093,-0.0178320190803629,0.0569430054933395,-0.100330129593607,-0.90201983316372,-0.00027325404115142,0.106507534301211,-0.0100858633099247,-2.25713764664256e-05,-0.000125733815360229,0.000263321221893684,0.00966741865370552,-3.38456998184186e-05,-0.00155907773807602,0.000356474567262991,9.36825840760136e-07,6.62418308606324e-06,-4.34260798667001e-05,-1.12547405109943e-06,-5.17472898229482e-07,-0.00309929981355161,-5.00175295537733e-06,3.19761473911231e-05,3.71598554944235e-06,0.0127620021786222,0.00460624891357594,4.03438882367506e-06,2.12773825355772e-05,-0.000199356745353064,-5.42415240878261e-06,3.66527426703804e-08,0.000152665548661757,0.000339163275855006,-0.000496589784677475,2.93818788743572e-17,-2.93914156375532e-05,-2.02098136071411e-05,-4.4669671607489e-15,0.0297779905233223,0.000288988254567516,1.43631638551973e-05,-1.42343231612348e-06,0.0226521329916709,-1.89474784666719e-05,-0.00964117663265097,0.000113481322023325,2.32361828579608e-06,6.10690169683403e-08,2.12166099365848e-06,4.76335697862859e-07,0.082846667499394,0.0561874965644162,-3.52172468570128e-16,3.89741353418222e-15,4.36590886840425e-06,0.00244004209613387,1.5511264036939e-05,-1.24222216543301e-06,-2.6647971916384e-05,0.00302722113567448,0.000162941888784806,-0.0388689051139116,-2.60081590646415e-16,-6.29034017070174e-17,-1.97101691652019e-09,-3.92153715439946e-09,4.33680868994202e-16,-4.8937666505792e-17,1.23752138555431e-16,4.76538094129163e-17,0.00075722046955797,-7.58442123016592e-07,-4.39783946479666e-05,2.76297743406675e-06,8.98129154369935e-17,-8.18850345929499e-08,-4.16205723733138e-10,2.10335221462188e-16,1.80621624497096e-16,-1.081149520599e-16,2.65599593743089e-07,4.41504124471521e-05,-6.35839909799395e-08,7.01726543181607e-09,-1.46610273061925e-09,-1.04871019987293e-16,-2.24807940911141e-17,-1.36857649164088e-17,-1.91144843009194e-16,2.9652964326078e-10,2.53501366734007e-17,-1.5951147772704e-16,-5.29497235987608e-17,3.98755574890583e-17,1.22467778115207e-16,8.34354991308217e-17,7.14136125751633e-17,-4.91480587153611e-16
"t96",0.103974953988259,-0.061278445872478,0.00986751545612628,-0.000854836897938828,-0.000124376575472001,0.00102789617431729,-0.0122370564526465,0.00231281564579769,-0.0132129463042296,0.0455305984939219,-0.388123804766419,-9.60413222844724e-05,0.16354919551655,0.169128964784596,-0.000125218228332565,-0.00170185953228916,0.0120189638791312,-0.0524627137779477,-0.0259694841386606,-0.153421707879766,0.000955427150725406,-0.0139188457762719,-0.000105879830974701,-0.000515991078215521,-0.0500177866199087,0.00505911472655766,-0.020452598567396,0.0308667504185338,-0.0363572045288595,0.015463208462931,-0.00760031493000807,0.0127807120866255,-0.00263522152187818,-0.000594129978509098,-0.00337796277911728,0.00205110325191616,0.00391979241634794,-0.0110500916431742,0.00141263519972106,-0.000281569736601826,-0.00144080553523049,-2.48200233870617e-05,0.00103305489893661,0.00326870544960946,-0.00879761550092165,0.0144446322191207,0.129494084355322,3.60740851039106e-05,-0.0138963848279778,0.00102391300814189,1.8443839002345e-06,9.49376670159312e-06,-1.86221073736155e-05,-0.000469156696150352,1.34989339017026e-06,3.0395748036132e-05,-4.83535098846476e-06,-1.08299632672116e-08,1.12684770624002e-08,-1.13559891414417e-07,-3.4850011630574e-09,-5.51352605931976e-10,-2.25515098436832e-06,-2.85375386895655e-09,-5.69589521951181e-08,-1.86128235905511e-08,-0.000148700692006075,-8.47795359889399e-05,-1.21757185606811e-07,-6.8701333799743e-07,7.4621827366398e-06,2.17909121679686e-07,-1.63648139842185e-09,-7.20520248083606e-06,-1.7155064813023e-05,2.68533410479122e-05,-1.32489505477729e-16,2.46728192334483e-06,1.74340215622348e-06,1.31101726696947e-15,-0.00319273565259304,-3.53787996636391e-05,-2.06519407507212e-06,2.18714502171367e-07,-0.00433181241436385,6.82042567697055e-06,0.00544543347160119,-9.42804952578221e-05,-2.12203924184341e-06,-5.69949083206733e-08,-3.74446053422084e-06,-1.1876472662104e-06,-0.304582644899371,-0.790796840571895,7.66356704538838e-15,-5.38106119097893e-14,1.43785831582513e-05,0.00628537485451444,3.9240430562409e-05,-2.45052562223604e-06,-3.66214775780566e-05,0.00394366255162796,0.000145383294565383,-0.0344914660971466,8.37444670056694e-16,-3.22793715619843e-17,-1.37757337525038e-09,-2.72484160980676e-09,-1.52221985016965e-15,-6.27778147083193e-18,-1.61350619205977e-16,-3.48857572886245e-17,0.000455855456183066,-4.56153729236179e-07,-2.63452418243006e-05,1.57181315934337e-06,8.2380698172275e-17,-4.57189014421234e-08,-2.3236704933544e-10,-1.47451495458029e-16,1.71828772208453e-17,-4.99046258327185e-16,1.39945882317912e-07,2.32521169552664e-05,-3.34511979227514e-08,3.67205603684501e-09,-7.60667901957739e-10,1.20224056346052e-16,3.32919851239326e-16,-9.91716906822764e-17,1.54715650013681e-16,1.5085692436456e-10,-4.42422724582299e-17,-1.58121756174646e-16,3.74591850593742e-17,-5.27125358795377e-17,-2.60774099038246e-16,-1.53373223143756e-16,6.15365506035019e-17,-2.33404448053994e-16
"t140",0.104374235680244,-0.061598105691044,0.00996116718920834,-0.000866954701265944,-0.000126766409213543,0.001050720857807,-0.0125535704759729,0.00239127548455423,-0.0136641382778041,0.0476877593179695,-0.407221967586082,-0.000102443742640335,0.177066009592676,0.183681816878041,-0.000136969173884761,-0.00187408626900729,0.0132517423437299,-0.0591199883540807,-0.0292759548579538,-0.173899852444714,0.00109152918416546,-0.0159700950192358,-0.00012212325715338,-0.000602470543402641,-0.0601373517698831,0.00610295062133536,-0.0258527617222874,0.0390412034311677,-0.0469689680567327,0.020061529603638,-0.0101175369788642,0.0170458844447094,-0.0035301829000188,-0.000836712992726141,-0.00477983352487687,0.00294022142156768,0.0056325201197246,-0.0167274866568479,0.00215220122516023,-0.000441359621277004,-0.00233772050269078,-4.11902466280006e-05,0.00177464407674124,0.00589879234554004,-0.0165323961083022,0.027615757095006,0.247745561576395,7.04686949419032e-05,-0.0272260401037342,0.00213978061882705,4.08379742322575e-06,2.14754437116474e-05,-4.28828950628933e-05,-0.00119858240745514,3.64105336175444e-06,9.93331369451841e-05,-1.72843853864782e-05,-4.01788893296523e-08,7.35149611032573e-08,-8.69897391435163e-07,-3.28329064593405e-08,-3.05565648651973e-08,-0.000188965651603528,-3.09184793852624e-07,2.30706899222996e-06,3.07024939066934e-07,0.00125791783259969,0.000511702282909231,5.1866528515002e-07,2.79400743492442e-06,-2.74473511483403e-05,-7.64260406552978e-07,5.34874453241979e-09,2.26990895821097e-05,5.16325845395086e-05,-7.73598580880264e-05,2.39174999250302e-16,-5.36404770947602e-06,-3.72621239925e-06,-1.08767161943746e-15,0.00596677853249841,6.10208984714337e-05,3.23765800970324e-06,-3.29838791537587e-07,0.00576483402948107,-6.50989537944038e-06,-0.00424051074472608,6.33181045965455e-05,1.37975761355168e-06,3.67922432624457e-08,2.02744917490442e-06,6.00366200068873e-07,0.145211338299551,0.340498675936446,-3.28400623087616e-15,2.36463781703488e-14,-4.87443800714139e-06,-0.0019935121653562,-1.2373153802978e-05,6.99987107877914e-07,8.20131098949872e-06,-0.000837187263358857,-1.46358872945471e-05,0.00339969107155567,-4.77709717160754e-16,1.4504306042727e-16,-2.20455138519315e-11,-5.32168210323411e-11,2.77338915721792e-16,-7.03400423859065e-17,1.54993000072273e-16,8.82430063196005e-18,5.66655749515742e-05,-5.70934186646527e-08,-3.39186862892129e-06,2.83884963525431e-07,-2.11237938852993e-16,-9.25853967559571e-09,-4.7073529175761e-11,-4.33247188125208e-16,4.54390080669228e-17,4.84135912786299e-16,4.05048902079631e-08,6.75093303379694e-06,-9.78112557527971e-09,1.11319145492273e-09,-2.45009019501788e-10,-1.41604062105658e-16,-5.91388520712578e-16,4.67732369019357e-17,4.17743097058665e-16,5.75404342771126e-11,-2.48956062533081e-15,-0.707106781186547,-3.978344346664e-16,-3.08678652977455e-16,-9.84428664382224e-17,1.75912049486642e-17,-6.25586361961713e-17,-8.89652088732972e-17
"t141",0.104374235680244,-0.061598105691044,0.00996116718920834,-0.000866954701265944,-0.000126766409213545,0.00105072085780699,-0.0125535704759729,0.00239127548455422,-0.0136641382778041,0.0476877593179695,-0.407221967586082,-0.000102443742640349,0.177066009592676,0.183681816878041,-0.000136969173884866,-0.00187408626900727,0.01325174234373,-0.0591199883540807,-0.0292759548579539,-0.173899852444714,0.00109152918416545,-0.0159700950192357,-0.000122123257153437,-0.000602470543402555,-0.0601373517698831,0.0061029506213354,-0.0258527617222873,0.0390412034311677,-0.0469689680567327,0.020061529603638,-0.0101175369788642,0.0170458844447094,-0.00353018290001882,-0.000836712992726137,-0.004779833524877,0.00294022142156756,0.00563252011972463,-0.0167274866568479,0.00215220122516015,-0.000441359621276893,-0.0023377205026906,-4.11902466279826e-05,0.00177464407674135,0.00589879234554001,-0.016532396108302,0.027615757095006,0.247745561576394,7.04686949418894e-05,-0.0272260401037342,0.00213978061882701,4.08379742351458e-06,2.14754437116693e-05,-4.28828950626873e-05,-0.00119858240745517,3.64105336169958e-06,9.93331369451706e-05,-1.7284385386466e-05,-4.01788891355546e-08,7.35149611484685e-08,-8.69897391421719e-07,-3.28329063814813e-08,-3.05565648374417e-08,-0.000188965651603691,-3.09184793744312e-07,2.30706899237963e-06,3.07024938842396e-07,0.00125791783259987,0.000511702282909444,5.18665285023819e-07,2.79400743479378e-06,-2.74473511483785e-05,-7.64260406556014e-07,5.34874448898183e-09,2.26990895822615e-05,5.16325845392649e-05,-7.73598580880992e-05,4.07334756202804e-16,-5.36404770966163e-06,-3.72621239930898e-06,-1.21474011405276e-15,0.00596677853249844,6.10208984714632e-05,3.23765800954296e-06,-3.29838790770189e-07,0.00576483402948065,-6.5098953794612e-06,-0.00424051074472603,6.33181045966612e-05,1.37975761342905e-06,3.67922442096047e-08,2.02744917439225e-06,6.00366200279642e-07,0.145211338299551,0.340498675936446,-3.30850919997466e-15,2.36922547498161e-14,-4.87443800722726e-06,-0.00199351216535603,-1.23731538025449e-05,6.99987107173616e-07,8.20131098903179e-06,-0.000837187263358689,-1.46358872946048e-05,0.00339969107155557,-2.6256773409984e-16,-3.48268928080168e-16,-2.20454674480786e-11,-5.32167992669825e-11,8.13693730450371e-16,1.02756400196173e-16,-1.86745124798975e-17,8.72274132901906e-17,5.66655749519553e-05,-5.70934181069391e-08,-3.39186862905891e-06,2.83884963149864e-07,1.42621996855959e-16,-9.25853970161657e-09,-4.70729205249901e-11,2.6324428747948e-16,-1.22560344324364e-16,1.00932615112747e-16,4.05048899657524e-08,6.75093303396594e-06,-9.78112567329159e-09,1.11319129467765e-09,-2.45008861425111e-10,1.46691455170102e-17,4.36435138126345e-16,-8.78703851234286e-18,-4.2706723574204e-16,5.75410699990564e-11,2.57005779563701e-15,0.707106781186547,-1.61180205467126e-16,2.875266109309e-16,3.33961184255046e-17,-1.81914699568081e-16,-8.33085079198373e-17,4.80779457822275e-17
"t123",0.126765937437543,-0.0814949164279415,0.0187846791023438,-0.00345309874444294,0.00131260594846648,-0.00314754709415951,0.0186744243097944,0.00330504384956313,-0.183169857147852,-0.0148689148734045,0.113419404679823,8.55987424756584e-06,0.0202902021177048,0.0724568043988157,2.29573098360775e-05,0.000105344149798327,-0.000597611296527968,-0.087768341552842,-0.102810197985267,0.0359212607299378,-9.07079140087345e-05,0.000993058944823838,6.17234253234904e-06,2.19395713137952e-06,-0.000381597495424067,4.31082347364508e-05,0.000784528323373947,-0.0013742823313955,-0.00643350050842842,-0.00909407669828253,-4.31387255141538e-07,-8.78811744256178e-07,2.0374427912662e-06,0.000394035923073609,8.25496893438913e-05,-6.96935989375121e-05,-0.000139757890110125,0.000846527596090616,-0.000116366037411584,3.09607779037554e-05,0.000213365297743702,4.51529188942646e-05,-0.000231255222776651,-0.000994877914738093,0.0033825453997792,-0.00613758677698239,-0.0552568220329838,-1.92349817666471e-05,-0.509512626624212,-0.000675167234453987,-1.66300544472697e-06,-9.71920521250069e-06,2.14114300536459e-05,0.101195009907655,-1.05580324032721e-07,-0.000375660697908916,1.25400363493906e-05,3.16507566033939e-08,-1.64401254755429e-07,2.40882710257758e-06,1.21022002642283e-07,2.16326376954734e-06,0.773860804759196,-5.39280002261044e-05,3.22527735438588e-05,2.58385301578069e-06,0.0337994827725854,0.0923212726093762,4.67518731405141e-07,2.85290812643225e-06,-3.23692643979228e-05,-9.35985393479138e-07,6.80224990055938e-09,2.92817705591268e-05,6.75906141026916e-05,-0.000102535568219239,-3.12683906544819e-16,-8.32709541330641e-06,-5.93418547800879e-06,-1.40458391445497e-15,0.0172023741436378,-0.000205863033300445,0.0415469197166671,-8.96503289971344e-08,0.00431508931636031,-3.12268599856648e-06,-0.00568334392694805,2.12838243469117e-05,4.5272527565113e-07,1.19898844533339e-08,4.7890460036333e-07,1.09530978826969e-07,0.0180877365977196,-0.00688660456055453,-6.68171598872755e-16,7.18609714316439e-16,1.13957687897623e-05,-0.0116212739672792,-5.72625694994643e-05,7.95249625585442e-07,2.56084809999399e-06,-0.00018035745238165,2.34461991271621e-05,-0.00573537247157713,-1.84602985767245e-16,-1.09104817511259e-16,-8.5074951523649e-09,-1.9046553897595e-07,-5.92733327697825e-16,7.61095142670341e-17,4.49975961454981e-17,-2.64840805613348e-17,-0.0232381132813553,-1.54413951070249e-06,-0.113316920386797,2.10100909465299e-08,-6.31010069886513e-17,-1.42507737598344e-09,-7.25618769727023e-12,2.9316826744008e-16,-1.50563580850154e-16,-8.56915449625872e-17,1.31109047256037e-08,5.96138064269758e-05,-3.18304398290448e-09,3.72982380224263e-10,-8.53272148575689e-11,-1.42765054300988e-16,1.08850644363112e-16,3.86486536665596e-16,2.35488711863852e-16,2.13202829956599e-11,-6.29478583532982e-17,-1.66808763580603e-17,-3.2309224740068e-17,5.69334130304345e-17,-1.55150375170406e-17,-6.9802585277455e-17,-1.8351093547832e-16,-3.47289096392032e-16
"t82",0.12860903349482,-0.0831133906744023,0.0194753153445429,-0.00364643433089274,0.0014143664202439,-0.00343319632917271,0.020680332940691,0.00378780501488244,-0.210129168891833,-0.0181010638569727,0.139255805462912,1.14501566740297e-05,0.0295865529192705,0.107729219559542,3.57486658962222e-05,0.000171740297334227,-0.000982889959519014,-0.171481213236126,-0.201538165370438,0.0739790263173473,-0.00020176792057485,0.0023108056467313,1.52281390407419e-05,6.31154274966655e-06,-0.00187066312255818,0.00023029821939853,-0.0129928412149343,0.0215135795330258,0.0349846477459645,0.0435922023917833,1.1872090338377e-06,2.3430328796939e-06,-5.0609350976112e-06,-0.000536443907155083,-0.000107464714385252,8.08484258665221e-05,0.000158849828979625,-0.000654819328926182,8.63352291856113e-05,-1.92946096409169e-05,-0.000109548962317844,-2.05781661575357e-05,8.85436153009217e-05,0.000300114705693078,-0.000841329430867073,0.00140554336349615,0.0126113080499231,3.96746847176194e-06,0.103581262480233,9.83757650143798e-05,1.71446018611132e-07,8.63712989347828e-07,-1.65944893832076e-06,-0.00180927912221529,-1.13218244537748e-09,-4.32757255808798e-05,2.21862836465806e-06,6.58667183257884e-09,1.27521924127358e-07,-1.01191541387359e-06,-3.30814166558111e-08,-2.08736055926084e-07,-0.0700799375830092,4.74853044200505e-06,-1.98976451767897e-06,-1.0655434489761e-07,-0.000629742347244637,-0.000604923656056664,1.30900377950244e-09,9.83418255075946e-09,-1.29229263364991e-07,-3.48624162611194e-09,1.70148899630029e-11,4.00553642676202e-08,-4.17075683347562e-08,3.34181455776024e-07,1.26352921181461e-15,4.80743940219075e-07,3.88298514545152e-07,-3.11751492676482e-15,-0.00320875653563574,8.87795423464913e-05,-0.885744214082923,-1.47700378059568e-07,0.00210196310462174,-8.9154403439299e-07,-0.00153019395709449,5.68213076264129e-06,1.20905054015611e-07,3.20247989932243e-09,1.29350051684821e-07,2.97958480423299e-08,0.00495460848708823,-0.00191184607073483,-6.75858812896655e-16,-2.50145902713654e-16,3.27788820906781e-06,-0.00337761677309487,-1.66580965410741e-05,2.34964326766007e-07,7.8590251534478e-07,-5.58041737858828e-05,8.02646324002789e-06,-0.00196822456695027,-2.92871411022977e-16,-4.12827820276693e-16,-3.55606315834839e-09,-8.03682414769291e-08,-1.00744065867353e-15,3.59815724048807e-16,8.65514771423785e-16,3.76430085176804e-16,-0.0204855519575934,-1.38552917555625e-06,-0.110291298329943,-1.06311864069009e-08,-6.92796777813968e-17,1.53266792378252e-10,7.75931477478925e-13,2.94035629178069e-16,-1.17031081595346e-16,-1.50730551178441e-16,2.48312142202278e-09,1.13624232372028e-05,-6.15310899454435e-10,7.70052426771889e-11,-1.93251381694001e-11,-1.25022530980977e-16,4.74780155022244e-17,-2.57238321075579e-16,1.96891114523368e-16,5.84664765603329e-12,-3.56232521250592e-16,-4.69303294982207e-17,1.14383329197221e-17,-3.27091271414432e-17,8.67890208420019e-17,-7.34123642802371e-17,-3.31945662921313e-17,-1.33964985858725e-16
"t138",0.129259892009643,-0.0836852388047928,0.0197197468805123,-0.00371498654658521,0.00145051985674355,-0.0035348009898398,0.0213948541915265,0.00396031175551977,-0.219763476764023,-0.0192620934095748,0.14854317372373,1.24961775390185e-05,0.0329718040759465,0.120590425678013,4.04267126287577e-05,0.000196091266660569,-0.00112426618801614,-0.202486183449533,-0.238110258351909,0.0881099773262418,-0.000243145880248324,0.00280268158059295,1.86161654000118e-05,7.8603558138976e-06,-0.00243817135894437,0.000301747523531107,-0.0183671601558131,0.0304444266844234,0.0513113178556758,0.0644036688039782,1.83475934805236e-06,3.63321698503699e-06,-7.90979206499124e-06,-0.000919690007094419,-0.000185926746100115,0.000143448070661161,0.000283182508425078,-0.00129852016896569,0.00017356849468703,-4.12911232523515e-05,-0.000253934633563413,-5.039751722398e-05,0.000236998447705309,0.000922524765066313,-0.00293412117228983,0.00519364863194292,0.0467132120952976,1.58234163598822e-05,0.41761827289671,0.0005173127061309,1.22112091639759e-06,7.05217098905756e-06,-1.54053172419203e-05,-0.0711031622042227,7.4494308784466e-08,0.000295521250039789,-1.10135216288164e-05,-2.95188237411702e-08,-2.64367756093864e-07,1.88843763511588e-06,5.56624999315132e-08,2.5603424699816e-07,0.0843131339395166,-5.66475263695976e-06,2.14336478368115e-06,1.03791797593849e-07,0.000528939928735617,0.000454120592854031,-8.45038619808058e-10,-6.20321772540258e-09,7.73144111405888e-08,2.03134627608376e-09,-9.51104107081217e-12,-2.19161284059979e-08,2.21848420033782e-08,-1.72860955228657e-07,3.4477629085039e-17,-2.03375321687627e-07,-1.6206859301815e-07,9.12247707929303e-16,0.00119758815819028,-3.08321886182648e-05,0.280775051650818,4.50319663250444e-08,-0.000560726853552909,1.54564599728663e-07,0.00018777861304019,-5.06856910266213e-07,-9.94442025058738e-09,-2.58493337845778e-10,-5.88000487699008e-09,-9.75479575587856e-10,-0.000110749562846325,1.00683732282619e-05,4.223087091928e-16,-4.03693377144396e-17,9.89297431279977e-08,-0.00013158966801848,-6.61476377282991e-07,1.21850044880467e-08,6.12466699208834e-08,-4.6309693190888e-06,1.07183988544727e-06,-0.000264787488719789,-3.26658529478843e-16,2.18090710919888e-16,-6.79118638061138e-10,-1.54942382473528e-08,2.62593766175989e-16,2.08509699168319e-16,-2.77243904256813e-16,1.05155628519759e-16,-0.00510199636418834,-3.45734853855403e-07,-0.0277428609869827,-2.99019030196301e-09,4.42018275702764e-16,4.50906031262965e-11,2.28046086725058e-13,-5.3776427755281e-17,-1.74871249236138e-16,3.44611316085169e-16,8.63864358085359e-10,3.95950652246467e-06,-2.15234342501591e-10,2.74699694415015e-11,-7.1332480937672e-12,8.46355644931162e-17,-4.05653795687797e-16,2.64948156761337e-16,1.47256339066981e-15,2.39265036819716e-12,-0.707106781186547,2.56783574732182e-15,5.29497235987608e-16,-9.77792994543253e-16,8.8713497945198e-17,-1.35232294479125e-16,3.60914402503981e-16,-1.90307304415861e-16
"t139",0.129259892009643,-0.0836852388047928,0.0197197468805124,-0.00371498654658519,0.00145051985674355,-0.00353480098983979,0.0213948541915265,0.00396031175551977,-0.219763476764023,-0.0192620934095748,0.14854317372373,1.24961775389519e-05,0.0329718040759464,0.120590425678013,4.04267126288271e-05,0.000196091266660554,-0.00112426618801613,-0.202486183449533,-0.238110258351909,0.0881099773262419,-0.000243145880248351,0.00280268158059296,1.86161653999539e-05,7.86035581409016e-06,-0.00243817135894442,0.000301747523531085,-0.0183671601558131,0.0304444266844234,0.0513113178556758,0.0644036688039782,1.83475934805583e-06,3.63321698502658e-06,-7.90979206503634e-06,-0.000919690007094416,-0.000185926746100126,0.000143448070661348,0.000283182508425005,-0.00129852016896564,0.000173568494687137,-4.12911232523684e-05,-0.000253934633563394,-5.03975172239559e-05,0.000236998447705202,0.000922524765066294,-0.00293412117228978,0.00519364863194291,0.0467132120952977,1.58234163601459e-05,0.41761827289671,0.000517312706130868,1.22112091655545e-06,7.05217098895402e-06,-1.5405317241961e-05,-0.0711031622042225,7.44943088048558e-08,0.000295521250039684,-1.10135216288155e-05,-2.95188238591041e-08,-2.64367756126146e-07,1.88843763513757e-06,5.56625000294167e-08,2.56034246907955e-07,0.0843131339395165,-5.66475263709008e-06,2.14336478385126e-06,1.03791797231184e-07,0.000528939928735834,0.000454120592854268,-8.4503808638059e-10,-6.20321753962453e-09,7.73144109341567e-08,2.03134630123725e-09,-9.51090888073284e-12,-2.19161283235986e-08,2.2184842240168e-08,-1.72860955320164e-07,-2.12503625807159e-17,-2.0337532185416e-07,-1.62068593028558e-07,8.8405845144468e-16,0.00119758815819036,-3.08321886180411e-05,0.280775051650818,4.50319658112952e-08,-0.000560726853552531,1.5456459962523e-07,0.000187778613039695,-5.06856910322592e-07,-9.94442038871474e-09,-2.5849357376817e-10,-5.88000452619647e-09,-9.75479464131873e-10,-0.000110749562846534,1.00683732283374e-05,-5.14876401853284e-17,6.90193269863303e-18,9.89297428543451e-08,-0.000131589668018437,-6.6147637761786e-07,1.21850043284522e-08,6.12466701933298e-08,-4.63096931922757e-06,1.07183988544554e-06,-0.000264787488719654,3.11813317571922e-16,3.35184545384447e-16,-6.79118067337114e-10,-1.54942382735905e-08,3.05311331771918e-16,-6.4674697681173e-17,-2.54158122444977e-16,-2.88056175259575e-16,-0.00510199636418852,-3.45734853333252e-07,-0.0277428609869822,-2.99019054655902e-09,-4.04587077097024e-16,4.50906451933408e-11,2.2820823921847e-13,-1.30104260698261e-17,1.98360708237477e-16,-1.07864586846377e-17,8.63864639977924e-10,3.95950652239347e-06,-2.15234484748916e-10,2.74706128070706e-11,-7.13309126392295e-12,-4.07365765863204e-17,4.30482915496538e-16,-1.58821787964949e-16,-1.6750923564901e-15,2.39250904244398e-12,0.707106781186548,-2.53358392990745e-15,-8.08408244859504e-16,8.79746877515088e-16,-1.36351828346076e-17,-2.43022938395592e-18,-2.54209392472271e-16,2.47984069381518e-17
"t62",0.127770678965913,-0.0823761089204709,0.0191592476001666,-0.00355750965185572,0.00136731029044323,-0.00330068823123895,0.0197462375592028,0.00356110141105061,-0.197466200939881,-0.0165621725099198,0.126931753271004,1.00472000294115e-05,0.0250030053565635,0.090281086344367,2.93737451764128e-05,0.000138418219248957,-0.000789280871011348,-0.128452526957332,-0.150771876010048,0.0542994300264595,-0.000143871089585973,0.00162081037552387,1.04607507380914e-05,4.11656474050281e-06,-0.00105281734440706,0.000127138713255938,-0.00503196179231512,0.00828000837979082,0.0105189050756454,0.0123363873930853,2.016355061564e-07,3.77468516860047e-07,-7.10994068166878e-07,6.35097031289675e-05,1.56486376617516e-05,-1.79943977288848e-05,-3.76953629329189e-05,0.000388033026882584,-5.54092375261404e-05,1.6913121647401e-05,0.000131797496912786,2.97597982690296e-05,-0.000165796957615975,-0.000788368656064875,0.00287918251712659,-0.00537524290994038,-0.0484488275337291,-1.74357446263602e-05,-0.46399603759633,-0.000677778423416377,-1.81540774011994e-06,-1.09412768821104e-05,2.4730546050481e-05,0.136116845901775,-1.54415394293723e-07,-0.000772537358321818,3.14548307993609e-05,8.72013154174208e-08,1.12910246849736e-06,-8.65596198999612e-06,-2.7531101271861e-07,-1.68172529554922e-06,-0.56532071623612,3.83320943893825e-05,-1.63252601671659e-05,-9.03891383746019e-07,-0.00587735854405409,-0.00645292221625704,2.01468573759675e-08,1.66504331017552e-07,-2.96493575065691e-06,-1.00536366943321e-07,8.90740792459608e-10,4.19583695469416e-06,1.07259398553234e-05,-1.77962910676067e-05,-5.83734449666196e-16,-2.3005919714339e-06,-1.68202397729522e-06,4.83554168928535e-16,0.00609203644246726,-9.02056317974177e-05,0.232377620598751,2.94026598348599e-09,0.00124106610308599,-1.3348979674546e-06,-0.00275209324246356,1.11146910188376e-05,2.4007254806075e-07,6.37947070170064e-09,2.75273529696011e-07,6.47462083519772e-08,0.010941522742974,-0.00432944823652718,3.34124387751592e-16,1.45043912733478e-16,7.78991819146103e-06,-0.00811975542549511,-4.00850903203884e-05,5.74426404695988e-07,1.98863535298503e-06,-0.000142179176260582,2.20945642825116e-05,-0.00542752282391788,-5.1004340038996e-17,6.67200160872191e-16,-1.12075697034607e-08,-2.54806880596776e-07,-1.89713696141514e-15,1.25453333745212e-15,2.14544389828043e-16,-2.3926402722101e-16,-0.0894611230657242,-6.07970004876893e-06,-0.494117536006604,-8.32252861227706e-08,3.20978475525927e-16,2.49076183810037e-09,1.26564748307464e-11,1.49359691281603e-15,-2.16127945047669e-16,1.14296971469614e-15,-2.18660536465548e-09,-9.59615830173613e-06,4.71059870797708e-10,-3.20553119638467e-11,-4.23738626652292e-13,1.30505343789812e-16,-1.23420657004704e-16,1.60218852242466e-17,-1.18394877235417e-16,4.22867974360711e-12,4.37255084819907e-17,-9.26363717205779e-17,5.63785129692462e-18,-5.75959589436197e-17,-6.83072360723706e-17,-7.34409607174016e-17,-6.67581398764769e-17,-2.11008981892375e-16
"t63",0.127344174509197,-0.082003332125265,0.0190024825337096,-0.0035143274530112,0.00134497617132107,-0.00323864755521691,0.0193161507701172,0.00346052185163786,-0.191853948785615,-0.0159209682151244,0.121840789668729,9.51404683449636e-06,0.0233926237741909,0.084254049974775,2.72566635896102e-05,0.000127761350231306,-0.000727799004098425,-0.11644715443102,-0.136640662589691,0.0490045688853473,-0.000129062111081821,0.00144924153585379,9.31641142138626e-06,3.63284320808663e-06,-0.000909359109426531,0.000109551383524711,-0.00419570653921274,0.00690097519676693,0.00864185862354636,0.0101061895140391,1.62396191469988e-07,3.03636476435901e-07,-5.70287340298774e-07,4.93536199804664e-05,1.21250598280748e-05,-1.38325160180381e-05,-2.89345411096133e-05,0.000288821036191433,-4.10904515703477e-05,1.23425346092667e-05,9.43793252340805e-05,2.10557201483721e-05,-0.000115221298619978,-0.000534576577413483,0.00191488430233601,-0.0035464299668798,-0.0319547649311793,-1.13910031367542e-05,-0.302730993703385,-0.000429900204588653,-1.12429699654706e-06,-6.71856597992218e-06,1.50803990074048e-05,0.0798797549400345,-8.89469564677619e-08,-0.000419623395569088,1.66800877593213e-05,4.58101517148086e-08,5.32238201417928e-07,-3.99317518616667e-06,-1.24080783491158e-07,-6.95754485031952e-07,-0.232475810760482,1.57211684406482e-05,-6.47338458659283e-06,-3.45674443569689e-07,-0.00211873690658657,-0.00221326968518415,6.4148409722152e-09,5.23713853053812e-08,-9.0610188705105e-07,-3.02719967582715e-08,2.61966996349307e-10,1.21796830556548e-06,3.06094516440078e-06,-4.99193977116148e-06,-1.71520783687207e-16,-5.63283146076329e-07,-4.07768950348719e-07,1.02673945734377e-16,0.00135441378177306,-1.88855983163389e-05,0.0448433179130892,5.46937306100496e-10,0.000201505366250902,-1.2061664508053e-07,-0.000109667108417779,3.14595718789792e-09,-2.07938835334459e-09,-6.80422176935203e-11,-1.6792136954888e-08,-5.26579451418964e-09,-0.00108222919942536,0.000562654046707676,1.35174375217155e-16,-3.54907201047203e-16,-1.59210795587809e-06,0.00182925982978628,9.10420985264571e-06,-1.48263940012369e-07,-6.62914253648321e-07,4.96957548029031e-05,-1.21442179876461e-05,0.00300925874395058,4.50011335905174e-16,-1.08342598070625e-15,1.02598553667656e-08,2.37201507917629e-07,3.22539304292713e-15,-2.04185555579355e-15,-2.99866245503498e-16,7.13457904963395e-17,0.147025841419986,1.00462780445688e-05,0.83546578653055,2.05223007664068e-07,-1.90502712356897e-16,-7.46478093823898e-09,-3.7956819053162e-11,-2.53009418971217e-15,7.41264009653336e-16,-1.35615449556504e-15,2.70791957607264e-08,0.000122463804098709,-6.45994534687749e-09,7.13076618585884e-10,-1.48690605455363e-10,-7.9730673368756e-17,1.57236234727634e-16,-2.28754900421639e-16,-1.53197766972202e-16,2.99019378593827e-11,-4.00178849975748e-16,6.94203990250722e-17,-2.57254070476498e-16,1.04301429636415e-16,-6.00642371115224e-17,-7.18047947619226e-17,2.69680114604648e-17,-1.33943199226206e-16
"t41",0.125149138467689,-0.080067806399302,0.0181655369124073,-0.00327644018025812,0.00121758711988296,-0.00287720947713158,0.0167432922041517,0.00282116055432419,-0.156116122892208,-0.0113715457227423,0.0851422376199821,4.98059314903435e-06,0.00701760211202862,0.0203102529719913,2.31583736668914e-06,-1.2359111244073e-05,9.84448634005139e-05,0.148607824859893,0.17889226423275,-0.0924062993428919,0.000424288959965559,-0.00675066540070218,-7.37643237034034e-05,0.000170723748466489,-0.00429540519722626,0.00048601472268343,-0.0128914438862498,0.0211859165581528,0.027870393419046,0.0338488569393803,5.3033388164518e-06,-1.20855701527577e-05,2.64065577914186e-06,5.76281306732441e-05,1.41810508256842e-05,-1.62719476486766e-05,-3.4049863995164e-05,0.000324636583963851,-4.56998685920973e-05,1.29872363934453e-05,9.13031184923982e-05,1.90805426149615e-05,-9.26889805828064e-05,-0.000342559321765642,0.000931514300045711,-0.00146810854787905,-0.0131304457072255,-3.60337532301531e-06,-0.0915068180438792,2.57291874577403e-05,5.93557164045924e-07,5.13001682285425e-06,-1.51095144816352e-05,-0.418616495745275,-8.70728571224175e-06,-0.00080244957849898,2.08206385553644e-05,4.83603581770276e-08,-2.05518196264668e-07,2.34295080936853e-06,9.43567086065302e-08,2.50544905752714e-07,0.0455288495320972,-1.7678460760461e-06,-1.12765631222343e-05,-2.40660988935228e-06,-0.0961644452846707,-0.820498617318389,6.34664342505017e-06,3.01200284760628e-05,-0.000234935071953434,-5.9607786963697e-06,3.69160908805828e-08,0.000147964003529867,0.000315404748297317,-0.000446774972092633,9.3566647485499e-16,-2.62948621498164e-05,-1.84592346363982e-05,-6.65765186036449e-15,0.0480071700902593,-0.000538931377494885,0.00331420161952797,-2.38364300831208e-07,0.0102688667721033,-6.49716426224281e-06,-0.0111461342410107,4.02546455125533e-05,8.50012910139693e-07,2.24755728993331e-08,8.65813000530463e-07,1.95500728073514e-07,0.0319504651711628,-0.0119587605024727,8.83102138391923e-16,-1.10466335918765e-15,1.90958035122168e-05,-0.0192992804790669,-9.50216213898635e-05,1.30303562319214e-06,4.07876169152994e-06,-0.000285614867020412,3.47493251267685e-05,-0.0084871984247877,4.98622090059795e-17,-4.37993280609556e-17,-1.10510946812852e-08,-2.45721692608406e-07,-1.52601455777335e-16,-1.76287406576107e-16,-3.80448017471223e-16,-1.3046127386044e-16,-0.00746156704711035,-4.45235027029482e-07,-0.0147473651943179,6.7197307979279e-08,7.62744429219344e-17,-3.37760227680497e-09,-1.71885933634538e-11,4.74446870679657e-16,-7.89779460364669e-18,1.05376602826605e-16,2.30125839593021e-08,0.000104489953837643,-5.56174479778362e-09,6.41846740795544e-10,-1.43444783205467e-10,4.23802471126833e-17,8.22940776674535e-17,-6.43436149340638e-17,-2.63461127913978e-16,3.39187376102723e-11,-1.97048051050411e-16,4.8144078185661e-17,-1.29670579829266e-16,1.78082534776466e-16,-1.32367546072407e-16,-7.18609541660764e-19,-3.61184511590313e-17,-1.49880722457589e-16
"t44",0.125908265078465,-0.0807293736138145,0.0184409947021776,-0.00335136577249072,0.00125572871509354,-0.00298203217894003,0.0174594380829973,0.0029822483748834,-0.165093605594102,-0.0123066915159848,0.0924454594430277,5.58459717533558e-06,0.00811773337165478,0.0236560369642038,2.7410664076577e-06,-1.48588879332221e-05,0.000118707765528295,0.189447208742759,0.22828923203471,-0.119718498327517,0.000562422336254406,-0.00906559000061536,-0.000100702171540679,0.000242799718106542,-0.00686846787035402,0.000789294079219051,-0.0282484967013514,0.046684436629027,0.0774985441107772,0.100041124656185,2.85429753419443e-05,-7.00169715076356e-05,1.87929927957934e-05,-0.00012833504971249,-2.60428889414278e-05,1.84752557081874e-05,3.54771226019025e-05,-1.25108377994918e-05,-1.09225824007457e-06,3.11093842791105e-06,3.84623050005018e-05,9.8067556321527e-06,-5.8617392881064e-05,-0.000264872207739901,0.000815928335357551,-0.00134734602774465,-0.0120726038014129,-3.49236255529212e-06,-0.0893288488758902,2.90604327224701e-05,7.55142597464072e-07,6.81084835388578e-06,-2.07799013377285e-05,-0.706275153346418,-1.6394882789382e-05,-0.00233769593286907,7.79340705431859e-05,2.03767825276361e-07,1.70095460230777e-06,-1.19173891206252e-05,-3.36199175006693e-07,-4.08982114296491e-07,-0.0714131810504539,2.72535105263485e-06,1.42184157491001e-05,2.51513052239478e-06,0.0771691867060333,0.541891494908699,-3.23236042845676e-06,-1.47379428313613e-05,0.000104853110453359,2.54012403589797e-06,-1.46392648487534e-08,-5.64155169844541e-05,-0.000114330180669625,0.00015398433509975,-8.35811454769075e-16,6.1853826885637e-06,4.22586080264103e-06,2.39874309651555e-15,-0.00867750272953207,8.25827098262667e-05,-0.00040358693565997,2.60778943769052e-08,-0.000730681194698458,-1.19161101996628e-07,-0.000720383617311531,3.80326202834339e-06,8.55102321987598e-08,2.29119205899520e-09,1.14790789233012e-07,2.80520505331616e-08,0.00486730961483676,-0.00199467735612916,2.89921535217954e-17,-1.48460664103055e-15,3.75029468721848e-06,-0.00393019718208968,-1.94093636384726e-05,2.79170133355919e-07,9.60483739362102e-07,-6.84256665027735e-05,9.72988852169262e-06,-0.00238310536035113,1.57460004123771e-16,2.51149598881601e-16,-3.59176602219083e-09,-8.02093029425577e-08,1.34115808736457e-16,2.58185184359043e-16,2.9763245035805e-17,-6.9653954667548e-17,-0.00275860475186351,-1.64770103566834e-07,-0.00548023556909508,2.64899242810243e-08,2.68102350736328e-17,-1.36455084547276e-09,-6.94448424660845e-12,-2.29850860566927e-16,-5.38653745057241e-17,-3.43856863128367e-17,1.02272544706076e-08,4.64828158545323e-05,-2.47968860115494e-09,2.89502780689149e-10,-6.60300050042955e-11,-1.06359643500874e-17,-2.51702451151503e-17,-1.30874330739119e-16,4.02022165557625e-16,1.66303147468294e-11,8.71872740868543e-17,-5.09224460640243e-17,-2.80672837402185e-16,-8.60027703973726e-18,-5.11535157335983e-17,-1.47848895520744e-16,8.66622348751881e-17,-3.36522105716493e-17
"t106",0.126854563143578,-0.0815557830473647,0.0187873319085452,-0.00344624595520114,0.00130440179426609,-0.00311641224867946,0.0183826900968895,0.00319251490978039,-0.176815883466465,-0.0135530392666193,0.102206810222106,6.41426082757648e-06,0.00966756638350575,0.028395044100127,3.35091347562072e-06,-1.84865467742542e-05,0.000148178084445238,0.251237267455761,0.303079102849108,-0.161490738697349,0.000776841946923326,-0.0126884244015425,-0.00014328612192237,0.000359484949196626,-0.0112891021688075,0.00131398589061058,-0.0577032389867576,0.0956620877710482,0.177745366513106,0.235144400706859,7.91799947376408e-05,-0.000196872418831854,5.45778921441534e-05,-0.000603306868267956,-0.000130287153746021,0.000112280625642934,0.000224639745253318,-0.00111463339818786,0.000148421128894334,-3.41596290894777e-05,-0.00019659713310826,-3.68753181482733e-05,0.000155735457443645,0.000490209680755254,-0.00119849850730907,0.00181541294842504,0.0162114004417487,4.25743358196951e-06,0.107478851041996,-2.70198643057179e-05,-5.77675196896527e-07,-4.87840359406864e-06,1.41200868855177e-05,0.364739397131517,7.46097681081266e-06,0.000723866872909767,-2.06429365409953e-05,-5.07576461081789e-08,-1.94595336291338e-07,1.13219032586839e-06,2.55383785649152e-08,7.89234580467202e-09,0.00113839544226141,-3.94506432076095e-08,4.15234369431985e-08,4.91923427397298e-08,0.00331908380995899,0.0324463446100506,-2.62508807640557e-07,-1.24311439114895e-06,9.58049407027116e-06,2.40811618813265e-07,-1.4640472039986e-09,-5.79830040760808e-06,-1.21494309262169e-05,1.68859008730414e-05,3.37837396946483e-16,8.19390071495063e-07,5.65839952637939e-07,7.15248173188687e-16,-0.00126054115455136,1.25641989405052e-05,-6.47220245505596e-05,4.26933220102742e-09,-0.000127496900024159,-2.41285799468726e-08,-0.000157548690196345,8.74223120755479e-07,1.98573136886556e-08,5.33257715762403e-10,2.81213041315146e-08,6.99888926046326e-09,0.00123253741526939,-0.000517519227048326,-8.46982639376982e-16,2.10400098664278e-15,1.02271791896261e-06,-0.0010849683003497,-5.36372947637108e-06,7.8459704610026e-08,2.79817434358661e-07,-2.00730542469349e-05,3.05734411230668e-06,-0.000749827568266047,-1.42810710573514e-15,-2.28517483607648e-17,-1.2188479453154e-09,-2.72844567303246e-08,7.16093850883226e-15,-6.09639552257148e-15,1.30568102765221e-14,-0.707106781186547,-0.00101082536782796,-6.041416132814e-08,-0.00201468124777176,1.01253930673978e-08,-3.61235452383066e-16,-5.30469140293775e-10,-2.70059540666997e-12,-1.25593979660721e-15,4.56256819937316e-16,-8.49238861906501e-16,4.26366820798982e-09,1.9392922523566e-05,-1.03632101164375e-09,1.22083843902276e-10,-2.82953071780237e-11,4.05546511799381e-17,-1.97029966935242e-16,1.84254729080773e-16,-3.0216714547171e-16,7.5060872231289e-12,-1.57157256967297e-16,2.35611904622572e-17,8.46626371439618e-17,-6.14232968562011e-17,-4.57033863708536e-16,-8.19080816557324e-17,1.04311298665636e-16,-2.50100855669799e-16
"t107",0.126854563143578,-0.0815557830473647,0.0187873319085452,-0.00344624595520115,0.00130440179426609,-0.00311641224867945,0.0183826900968895,0.00319251490978041,-0.176815883466465,-0.0135530392666193,0.102206810222106,6.41426082752627e-06,0.00966756638350574,0.028395044100127,3.35091347565541e-06,-1.84865467742542e-05,0.000148178084445278,0.251237267455761,0.303079102849108,-0.161490738697349,0.000776841946923269,-0.0126884244015425,-0.000143286121922326,0.000359484949196667,-0.0112891021688076,0.00131398589061057,-0.0577032389867577,0.0956620877710481,0.177745366513105,0.235144400706859,7.91799947377544e-05,-0.000196872418831876,5.45778921442037e-05,-0.000603306868268015,-0.000130287153746144,0.000112280625642906,0.000224639745253302,-0.00111463339818786,0.000148421128894426,-3.41596290896163e-05,-0.000196597133108234,-3.68753181482856e-05,0.000155735457443606,0.000490209680755199,-0.0011984985073091,0.00181541294842516,0.0162114004417487,4.25743358217073e-06,0.107478851041996,-2.70198643056754e-05,-5.77675196949436e-07,-4.87840359402527e-06,1.41200868853206e-05,0.364739397131517,7.46097681069535e-06,0.000723866872909749,-2.06429365411601e-05,-5.07576463954722e-08,-1.94595336217808e-07,1.13219032561729e-06,2.55383785837396e-08,7.89234581854981e-09,0.00113839544226116,-3.94506432579165e-08,4.15234369835851e-08,4.91923428311281e-08,0.00331908380995878,0.0324463446100504,-2.62508807359965e-07,-1.24311439133592e-06,9.58049407020004e-06,2.40811618927757e-07,-1.46404853834527e-09,-5.79830040787002e-06,-1.21494309264685e-05,1.68859008729261e-05,-1.79977560632594e-17,8.19390071625167e-07,5.65839953120192e-07,3.30681662608079e-17,-0.00126054115455147,1.25641989405494e-05,-6.47220245492308e-05,4.26933238788967e-09,-0.000127496900024146,-2.41285799006314e-08,-0.000157548690195964,8.74223120905099e-07,1.98573138240725e-08,5.33258152912719e-10,2.81213044831213e-08,6.99888905338064e-09,0.00123253741526912,-0.000517519227048349,4.9656069276707e-16,-5.83489263049798e-16,1.02271791987832e-06,-0.00108496830034996,-5.36372947558286e-06,7.84597043133883e-08,2.79817434181998e-07,-2.00730542468247e-05,3.05734411302095e-06,-0.000749827568265436,1.17397810820936e-15,-1.06118475207193e-16,-1.21885007729056e-09,-2.72844565981061e-08,-7.19671718052428e-15,6.09404844436314e-15,-1.28964491139233e-14,0.707106781186548,-0.00101082536782445,-6.04141561265717e-08,-0.00201468124777256,1.01253922850375e-08,3.14439341525287e-16,-5.30469276144307e-10,-2.69936695499833e-12,1.28716481917479e-15,-5.08357852908909e-16,8.28238739436971e-16,4.26366850722962e-09,1.93929225232251e-05,-1.03632126144393e-09,1.22084122975916e-10,-2.82955185703423e-11,-4.51459438093416e-17,1.74200856924653e-16,-1.24027876040983e-16,9.38919081372447e-17,7.50613037437536e-12,1.89807462613077e-16,2.87717980091718e-17,1.99249254248524e-16,-1.0972820941302e-16,-2.29785088357846e-16,-7.20308304602739e-17,-1.41903391410208e-16,-3.61123158132503e-16
"t79",0.12518844100293,-0.080098136708106,0.0181729949448579,-0.00327687857620919,0.00121690931728231,-0.00287383474358107,0.0167072912242383,0.0028063737206928,-0.155281381278955,-0.0112155275848986,0.0838449669342595,4.80623411470311e-06,0.00657240121335124,0.0188670181262964,2.10513573583671e-06,-1.09591731510236e-05,8.68442498974573e-05,0.115059949972549,0.138073915807734,-0.0678528658711946,0.000284360583622189,-0.00425072265125894,-4.23332560874716e-05,7.02705857138844e-05,0.00118659940017658,-0.000192619666368405,0.0600902175979656,-0.101396051488367,-0.33760374712104,-0.503760640014944,-0.000402246644173031,0.00108487762008702,-0.000370463914587939,-0.00465333043822009,-0.000873333841428106,0.000564593831950403,0.00108217096335368,-0.00302298347165516,0.000384431605071104,-7.43764073436388e-05,-0.000361916288390341,-6.17469730744148e-05,0.000228730502083874,0.000606594230533253,-0.00129483475122634,0.00185108710915484,0.0164907790582133,4.03457233207982e-06,0.100824068781877,-2.00717916098637e-05,-3.37599176620585e-07,-2.57819932707401e-06,6.81607410735356e-06,0.0831858822154781,7.47666898496684e-07,-0.000246057890589837,1.12395035776959e-05,3.19637159641472e-08,3.94020640028299e-07,-2.80441255774449e-06,-7.94321279200859e-08,-8.89015666374025e-08,-0.0153457494785254,5.82517480372366e-07,2.8008821007804e-06,4.38909971106486e-07,0.00989558048063163,0.0434241254589587,2.51381936153516e-08,3.56184302190807e-07,-6.82282222529192e-06,-2.22128362137934e-07,1.82776231246786e-09,8.27460953128857e-06,2.01530978142675e-05,-3.19671802943701e-05,8.24034308670452e-16,-3.17213305457258e-06,-2.28126180047399e-06,-2.19431508282752e-15,0.00703718010251841,-8.62961896121732e-05,0.000583235794202498,-4.34615300871755e-08,0.00207847906058225,-1.63853499401011e-06,-0.00311723166941001,1.19989498401358e-05,2.56635269491514e-07,6.80483492406132e-09,2.79146909830621e-07,6.44285870716939e-08,0.0107167409926048,-0.00412708450719345,-2.99818758956066e-14,0.707106781186548,6.97814508076407e-06,-0.00715049860675144,-3.52473664319306e-05,4.92550237800576e-07,1.60410609023562e-06,-0.000113179314264112,1.48200879660932e-05,-0.00362476752939921,-2.86786236584444e-15,1.53965379877595e-15,-5.10263266557433e-09,-1.1373527717701e-07,2.37225129405723e-16,-7.43903927766169e-16,6.39042009146528e-16,1.13462077005471e-15,-0.0037191483338871,-2.22060220730176e-07,-0.0073742536804447,3.48952304705041e-08,6.64408600765573e-16,-1.78259560274801e-09,-9.07190601212409e-12,-6.89552581700781e-17,-2.20675071370171e-17,-1.64581501646095e-16,1.29701405709174e-08,5.89326602452001e-05,-3.14183274256513e-09,3.65605261719299e-10,-8.29208334991499e-11,-1.30056122349491e-16,-1.00500710800118e-16,6.41810080545213e-17,-1.08108509123961e-16,2.05503071419878e-11,-4.8317676317869e-18,3.84794173888652e-18,-6.38057213672456e-17,-7.70980406817998e-17,5.84376769659485e-17,2.95047041079708e-16,1.68166809485843e-16,-1.59420558241265e-16
"t80",0.12518844100293,-0.0800981367081061,0.0181729949448579,-0.00327687857620918,0.00121690931728232,-0.00287383474358107,0.0167072912242383,0.00280637372069278,-0.155281381278954,-0.0112155275848986,0.0838449669342595,4.80623411473214e-06,0.00657240121335124,0.0188670181262965,2.10513573579941e-06,-1.09591731510898e-05,8.68442498975135e-05,0.115059949972549,0.138073915807734,-0.0678528658711945,0.000284360583622131,-0.00425072265125897,-4.23332560874675e-05,7.0270585713886e-05,0.00118659940017656,-0.000192619666368517,0.0600902175979656,-0.101396051488367,-0.33760374712104,-0.503760640014944,-0.000402246644173167,0.00108487762008705,-0.000370463914587936,-0.00465333043822018,-0.00087333384142826,0.000564593831950466,0.00108217096335368,-0.00302298347165522,0.000384431605071267,-7.43764073437062e-05,-0.000361916288390562,-6.17469730738855e-05,0.000228730502083808,0.000606594230533393,-0.0012948347512259,0.0018510871091579,0.0164907790582143,4.03457233259796e-06,0.100824068781877,-2.00717916098025e-05,-3.37599174663871e-07,-2.57819932385249e-06,6.81607410847282e-06,0.0831858822154813,7.47666901660666e-07,-0.000246057890589717,1.12395035779354e-05,3.19637160626788e-08,3.94020640432567e-07,-2.80441255767523e-06,-7.94321272044147e-08,-8.89015665161887e-08,-0.0153457494785247,5.82517482262508e-07,2.80088210224703e-06,4.38909974139582e-07,0.00989558048063444,0.0434241254589586,2.5138193640478e-08,3.56184301079296e-07,-6.82282222437921e-06,-2.22128362500573e-07,1.82776270168516e-09,8.27460953164885e-06,2.01530978160843e-05,-3.19671802941657e-05,-9.92485444956809e-16,-3.17213305243345e-06,-2.28126179794452e-06,1.71524510632175e-15,0.00703718010252015,-8.62961896126605e-05,0.000583235794203026,-4.34615261903784e-08,0.00207847906059029,-1.63853498057583e-06,-0.00311723166940525,1.19989498454745e-05,2.56635274291612e-07,6.80483642568133e-09,2.79146919191252e-07,6.44285791722782e-08,0.0107167409926233,-0.00412708450710434,3.04119798194397e-14,-0.707106781186547,6.97814447270563e-06,-0.0071504986067802,-3.52473664318395e-05,4.92550224836174e-07,1.60410608742959e-06,-0.000113179314265259,1.48200879629522e-05,-0.00362476752940014,2.87060289268805e-15,-1.63196281639593e-15,-5.10263775045541e-09,-1.13735285676044e-07,-3.63055261852138e-16,7.13046951610332e-16,-6.21315543566482e-16,-1.11777359210327e-15,-0.00371914833388772,-2.22060220301279e-07,-0.00737425368044519,3.48952307508517e-08,-6.13215239292215e-16,-1.78259634427453e-09,-9.07219592008396e-12,2.50992802930394e-16,-3.96315823335061e-17,2.03179875254225e-16,1.29701394517361e-08,5.89326602450095e-05,-3.14183340102822e-09,3.65603972579199e-10,-8.29208414544833e-11,4.52851901584803e-17,9.07525524245635e-17,-2.87622247836495e-17,7.26008879750606e-17,2.05504224807702e-11,-1.17694885897461e-17,2.81345844959368e-17,-5.86447496196251e-17,-4.17591545787178e-18,-3.66135893777054e-16,-4.90287179261194e-16,-1.7510642139874e-16,-1.52481664337175e-16
"t50",0.11870451972748,-0.074324174099328,0.015597806544565,-0.00251918050078555,0.000795412968720517,-0.00164998406945004,0.00774046286342355,0.000425672836157699,-0.0219567485927041,0.00791360208139844,-0.0732569330780985,-1.8888371204914e-05,-0.105872315919345,-0.457986793891407,-0.000239603406195291,-0.00218578333202682,0.0149653896685204,-0.112114094747588,-0.0894546672307059,-0.17612100776737,0.00144031459939589,-0.0257181566440748,-0.000305552546967003,0.000778845434357574,-0.0212131627220822,0.00240924084846672,-0.0533226774877668,0.0867079522465892,0.0232432352621681,-0.020692240852479,-0.000210740946748047,0.000597222308459773,-0.000225645458020987,-0.00489167489925905,-0.00094252697347539,0.000648003519996547,0.00125456305842608,-0.00405684988074451,0.00052179471165794,-0.000104857517906545,-0.000521863242470713,-8.91535674472548e-05,0.00032308696156363,0.000766454405119223,-0.00124320416426249,0.00133858218010766,0.011727128474904,8.89473330899226e-07,0.0121594871646903,-0.000272601239630623,-1.14990907068568e-06,-7.48605016955982e-06,1.75556695240142e-05,0.00972317233767917,-3.93886664350797e-06,-0.00186730943190657,7.53742291076647e-05,2.09234323068579e-07,2.6515502895024e-06,-1.95404686310248e-05,-5.77402653165426e-07,-4.99064142150951e-07,-0.0153012591632027,-3.95475185838005e-06,4.18267033255165e-05,7.91469819741192e-06,0.631663028011999,-0.0745499005631024,-4.099156950663e-06,-1.95580265720429e-05,0.000148104444805414,3.64539670492936e-06,-2.12047555720576e-08,-8.15552058889609e-05,-0.000163720630167657,0.000216736743034341,-7.64579372036778e-16,5.19877639385685e-06,3.25464210587309e-06,8.16621076316082e-16,0.000560741953752961,-7.76485551718803e-05,2.20412413728525e-05,-9.89963597737911e-08,0.00772922942451343,-2.02537309389019e-05,-0.522792804092364,-0.000252550208458874,-4.29791074212571e-06,-1.08932689146801e-07,-2.03542130143433e-06,-3.73098743580279e-07,-0.0515247976625389,0.0143225365161618,-2.12248521283289e-16,-2.88062861547882e-16,-7.36529434925814e-06,0.00270164134411293,1.11126536429858e-05,4.29633466261792e-07,1.22599487923495e-05,-0.00139798769347486,-7.97536982791707e-05,0.0191041750027308,-4.89393610126461e-16,7.39585759750017e-17,1.2043672986857e-08,2.63006984321725e-07,4.85722573273506e-17,-1.49338647345484e-17,-1.51215792889561e-16,1.98116571271254e-16,0.0031760759658968,1.73955869799125e-07,-5.48129164898242e-05,-3.40135093389315e-08,1.12135220735429e-16,1.46746464610957e-09,7.46417023315829e-12,-1.42247325030098e-16,1.37778718674906e-16,-6.43400165697486e-17,-4.50123894407684e-09,-2.01981049060364e-05,1.04597394114114e-09,-1.03322493356234e-10,1.63447393640437e-11,-2.59504723386652e-17,1.46027877598663e-19,1.37721006555788e-17,4.6447221069279e-16,9.94252098186765e-13,-7.96320766051352e-17,-1.077723903235e-16,-1.19533289516527e-16,3.99465758772354e-17,1.6793264497286e-16,-7.07283306340104e-17,1.06775493919929e-16,-1.43874050934895e-16
"t66",0.118479286485313,-0.0741328062313705,0.015524975392644,-0.00250167388334689,0.000787948994428256,-0.00163213132659978,0.00764317516817639,0.000418697931085796,-0.0215946613736631,0.00773430562851022,-0.0715354517347166,-1.82946862256642e-05,-0.101794218283815,-0.439664876131926,-0.000229207535994813,-0.0020840481255112,0.0142600947264493,-0.105688153789361,-0.0843117907483592,-0.165551461490678,0.00134863617747826,-0.024030339604453,-0.000284764220318963,0.000721514139530944,-0.0193715369775976,0.00219650328041015,-0.0475187988623892,0.0772465765269623,0.0204952796214748,-0.0182083512510419,-0.000183147945225337,0.000518552169210731,-0.000195505142897169,-0.00413759611632088,-0.000795420365901032,0.000543483931371568,0.00105099802085176,-0.00331549713639215,0.000425149707324605,-8.4299262381195e-05,-0.000412829722191602,-6.97899498017964e-05,0.000248911088941436,0.000577325941508187,-0.000919441433029465,0.000982357419259272,0.00860358385669535,6.46521596370242e-07,0.00882663392096144,-0.000192336666445051,-7.9130339757788e-07,-5.10465932189908e-06,1.18807688597421e-05,0.00630258291815522,-2.49793202527964e-06,-0.00110025051464935,4.30028235074847e-05,1.17836189846706e-07,1.26325583092367e-06,-8.96437998319701e-06,-2.53792060901566e-07,-1.83541111919983e-07,-0.00554900693792551,-1.42520503205296e-06,1.38677409368519e-05,2.37716304405029e-06,0.157190846454519,-0.0152801656906811,-5.68356030528246e-07,-2.49706939400819e-06,1.50690836168976e-05,3.22067261207537e-07,-1.42167678976713e-09,-4.50108240601828e-06,-6.50310787391785e-06,5.21287385106539e-06,2.11202583200176e-15,-5.21312719301698e-07,-3.55947096495474e-07,-2.6476217052096e-16,-0.000105835257825175,1.8925227524752e-05,-7.00880535205962e-06,3.47746328155677e-08,-0.00365649557748561,1.9293205141011e-05,0.751899415369894,0.000495921400397103,9.05901273600936e-06,2.33294626214575e-07,6.60751989131441e-06,1.45361720262733e-06,0.23770104053537,-0.0925317992051154,-8.50478463321608e-16,4.22809983956869e-15,0.000188660585991087,-0.211977759709824,-0.00105440601186768,1.76321260665982e-05,0.000130031883515232,-0.0130518988626109,-0.000355948437666173,0.0844685998289963,6.70240328014201e-16,7.73028530394631e-17,3.58385019274057e-08,7.75168344392576e-07,-4.66640615037761e-16,1.28725043159136e-16,1.54336706775234e-16,-1.55192454996498e-16,0.00735634106792184,4.0223389551064e-07,-0.000125857865462303,-7.10602533673249e-08,1.03581217805793e-16,2.95613559629301e-09,1.5034254515621e-11,4.96130914129367e-16,-4.29664918053301e-17,1.18861119252353e-16,-7.97631698103846e-09,-3.57481709671631e-05,1.8461371684847e-09,-1.79789486250137e-10,2.77574858714366e-11,1.21266301620766e-16,1.67017778258174e-16,-1.65357424039732e-17,2.86663054405167e-16,1.57334507835255e-12,2.19356101212861e-16,9.02954966592087e-17,-3.19839640883224e-18,6.34760630923954e-17,1.75169556368562e-17,-3.93365064840787e-17,-1.4136447014502e-16,-1.38408192884296e-16
"t49",0.118348687456171,-0.0740217627618227,0.0154826188144657,-0.00249146745466344,0.000783586010911792,-0.00162167948461332,0.00758611042550519,0.000414589787491099,-0.021381371532768,0.00762797914286198,-0.0705136398249071,-1.79392263102261e-05,-0.099333434293554,-0.428591046735906,-0.000222900745466409,-0.00202211338896589,0.0138304448276706,-0.101729061942927,-0.0811425894866204,-0.159019828115961,0.00129175099089876,-0.0229807525294645,-0.00027180181746645,0.000685540783789622,-0.018198582154371,0.00206077888181787,-0.0437277539427512,0.0710645348831161,0.0186807257300182,-0.0165647046066534,-0.000164655156471188,0.000465778453032188,-0.000175242430041588,-0.00361813771868834,-0.000693851047438359,0.000470866448932783,0.000909402478676491,-0.00278688939094146,0.000356030235054091,-6.93992937694299e-05,-0.000332535597059872,-5.53822999866466e-05,0.000192851632024245,0.000431224231668137,-0.000664878007369469,0.000700184033538904,0.00612860909665279,4.52295832599481e-07,0.0061588682222411,-0.00012633053715884,-4.89383545611288e-07,-3.08250679293028e-06,7.02781292314476e-06,0.00325858962073802,-1.18976059063508e-06,-0.000356341928470264,1.07041521376881e-05,2.56050943520212e-08,-3.50496824231354e-07,3.71292414573857e-06,1.47642362675351e-07,2.6525073167083e-07,0.00846669877167002,2.22704323849486e-06,-2.90043797730945e-05,-6.71749125627898e-06,-0.723697823110745,0.108232012257599,8.41677278092499e-06,4.25439338756005e-05,-0.000369933332686444,-9.79473798108296e-06,6.41797880007815e-08,0.000264287070746497,0.000581581127365205,-0.000848153203798889,-1.645818897833e-15,-5.92706055976625e-05,-4.20344961329332e-05,-9.28467372429687e-15,0.118637434963986,-0.00140168372347532,0.000186295171258204,-6.82582152604231e-07,0.032442739565653,-3.17670715150498e-05,-0.334414964113921,1.15680789048388e-05,9.05343089720959e-07,2.70653339878857e-08,2.78691335264467e-06,7.37110975332442e-07,0.135250585788342,-0.0608685628324346,-6.59071606401734e-16,-7.56323058107491e-16,0.000151073041104211,-0.175780097352183,-0.00087680300534079,1.52867438406347e-05,0.000120997168148925,-0.012283451662107,-0.000364250025519128,0.086544049236636,3.96277413740813e-16,-4.39957010891384e-17,3.86544137193426e-08,8.37058650134668e-07,1.73472347597681e-18,-3.3098005030248e-16,-1.03620405364354e-16,-1.1506988493186e-16,0.00815521751429497,4.45983589468513e-07,-0.000139635125897558,-7.9429788697738e-08,1.87506876185351e-16,3.31185503479013e-09,1.68436811069277e-11,-3.46944695195361e-18,-3.10267452976307e-17,-1.16803662700219e-16,-8.9774429634995e-09,-4.02355711934989e-05,2.07794071185874e-09,-2.02384622081941e-10,3.12447580828878e-11,-2.7053508351646e-17,1.13301195878168e-16,-3.12011325654553e-17,-4.03323208164608e-17,1.76782243357931e-12,1.65466164838036e-17,6.86805958731949e-17,-2.56359603684198e-16,-8.27803983301417e-17,-1.79286427150126e-16,-7.52490114798336e-17,1.07015568975918e-16,-3.0115081656285e-16
"t32",0.116227319354395,-0.0722226517906522,0.014801770844866,-0.00232881381181713,0.000714691984752654,-0.00145753132286999,0.00669579498307316,0.000351412004290578,-0.0181025613742384,0.00603106932449408,-0.0552158434868822,-1.27745264025841e-05,-0.0645233706604287,-0.27281844681754,-0.000135311237243322,-0.00117215426635628,0.00794716860969663,-0.0495656643818568,-0.0394141744554745,-0.0738358126926008,0.000560022530320704,-0.00958036094639044,-0.00010781073956277,0.000239958070430642,-0.00438132602312378,0.000470985906861334,-0.00267612707386445,0.00419196923740434,-0.000272345590657508,0.000483692912733973,1.92520031446148e-05,-5.74350312792468e-05,2.42145429126251e-05,0.00110085128474265,0.000221919630649951,-0.000170571145726658,-0.00033657965814288,0.00150158737408802,-0.000199195742890673,4.51850512123353e-05,0.000253514622500368,4.6276890139756e-05,-0.000182942344402229,-0.000480064216235834,0.00083294723528575,-0.000919779179752461,-0.00806605429358037,-6.29218530476521e-07,-0.0086343286843202,0.000208106965367761,9.23684516162399e-07,6.11101076817148e-06,-1.45108042751432e-05,-0.00851355506884591,3.52518068580646e-06,0.00174982281619316,-7.12967703165549e-05,-1.98355486283377e-07,-2.42768607655441e-06,1.75083513668538e-05,5.02112274560444e-07,3.60003737422294e-07,0.0108269625685958,2.77358129641439e-06,-2.56769505797924e-05,-3.96619688559472e-06,-0.168650927406417,0.000675904248167389,-2.14795315298273e-06,-1.24110704040496e-05,0.000137639450716523,4.02215970343614e-06,-3.00587695990971e-08,-0.000131798387559542,-0.000312045736354124,0.000486011098767017,8.60206003649999e-16,4.79928251120635e-05,3.46384401400683e-05,7.9718946287971e-15,-0.111021695189457,0.00140317041320302,-0.000200449615878879,7.5437646350957e-07,-0.0386623396287209,3.99691887458645e-05,0.188901197122167,-0.000300289081143605,-6.90087223514737e-06,-1.85548720531455e-07,-9.94447324283489e-06,-2.52591646412553e-06,-0.456681483996431,0.204851933315736,3.17002345570723e-15,-5.40619135637668e-15,-0.000528443294263782,0.624395417421612,0.00311887112945286,-5.57083026026394e-05,-0.00046862273902296,0.0481996974367116,0.00166331071185602,-0.396526045741064,-1.2465848248369e-15,-5.62783279072546e-16,-2.20587419935605e-07,-4.81574321488169e-06,3.53138200105685e-16,4.56610827728894e-16,2.3523169568022e-16,3.02478457255446e-16,-0.0631687149502701,-3.46490061091755e-06,0.00109871554210437,7.72574598536949e-07,-6.75759409245169e-16,-3.5955477634345e-08,-1.82933854567111e-10,3.20164901534969e-16,3.33591156187164e-17,1.75791946822823e-16,1.92447129259278e-07,0.000871867397560063,-4.61719439020071e-08,5.19072863885322e-09,-1.10909246496966e-09,-2.58277499723097e-16,-3.2919010012963e-16,-6.46547481698947e-17,1.90467216651391e-16,2.29657318756202e-10,1.3503964875569e-17,-2.72252309966835e-17,-1.51788304147971e-18,1.54682647764279e-17,-3.09153113616607e-16,-1.32808397600496e-16,-4.45915763292053e-17,3.52089959364601e-17
"t37",0.116575593103478,-0.0725628743109056,0.0149976292189307,-0.00240228737839722,0.000766768711011393,-0.00163268587945812,0.00827548721907589,-0.00129602985569645,0.0395292377840659,0.00251488349309612,-0.0243915419146873,-5.64946402820658e-06,-0.0199969105194445,-0.0741034973852884,-2.30364066818867e-05,-6.58282757178552e-05,0.00026044547777657,0.0220246319402312,0.0163746115105007,0.0568302682472506,-0.000615553154219994,0.0126288218525132,0.000175304947203702,-0.000614215404143918,0.0315212585601881,-0.00382787135681288,0.231681574972841,-0.382858650015961,-0.180466005011336,0.261954174732638,-0.0232521264968537,0.0377062141291087,-0.0071909053131576,0.125321891772758,-0.00726510739396542,0.00331791498830025,0.00618700519938364,-0.0125138646303316,0.00154769401513502,-0.000267432557403452,-0.00114720845366443,-0.000918331271264064,0.000583413901024696,0.0012022487952809,-0.00175112968890023,0.0017921754141461,0.015663967084509,1.01482426728694e-06,0.0118214197536804,-0.00031783870636588,-1.20012216370084e-06,-7.5234214157473e-06,1.71096908804383e-05,0.00633721938449577,-3.07918414274073e-06,-0.0032822453542719,4.12545752402019e-05,1.10122429092381e-07,8.49002367539553e-07,-5.59613080974592e-06,-1.45539913553542e-07,-7.03889240158406e-08,-0.00174294604643803,-5.50162379585567e-07,4.06998963428478e-06,4.85992670577621e-07,0.005647682631449,0.00183435542930788,3.49627240653697e-07,1.83304537744011e-06,-1.67972796386202e-05,-4.50378313160242e-07,2.96368709141783e-09,1.21459856205286e-05,2.63839566723781e-05,-3.77078992069165e-05,-8.10983225019157e-17,-1.76950302255979e-06,-1.19380299150144e-06,-1.96240593219876e-17,0.00154568500137023,7.09717229718104e-06,9.48874593995136e-06,-2.87865392060603e-08,2.9460441902804e-05,1.14945466483983e-06,0.00308310431337159,-1.79580476381623e-05,-4.02015410747806e-07,-1.07673695445842e-08,-5.53583145260737e-07,-1.38042963656292e-07,-0.0244097215976112,0.010345639984392,-2.56114399860974e-16,-5.17285409548001e-16,-2.05716913401267e-05,0.0215604247014276,0.000106414652693575,-1.48264424179242e-06,-1.78352153048299e-06,-9.42775452554556e-05,-0.000167082330657389,0.0410373999707744,6.06478902055544e-16,-9.54520410160547e-16,1.03616268341475e-07,2.37919723128734e-06,1.04452037297253e-15,7.49858191544241e-16,-5.60788701976531e-16,-1.99798103332236e-15,0.785787224822285,4.89313828413796e-05,-0.14245886399563,1.79786871654965e-06,1.51052114185531e-15,-6.27225842484043e-08,-3.18883922379403e-10,-6.04551131377917e-16,2.70884921791044e-16,-5.94721402319888e-17,2.04584998591412e-07,0.00339548274232935,-4.81788990334964e-08,5.26838310910965e-09,-1.07661929528826e-09,4.66972901968214e-17,1.61543054337221e-17,-8.5256476098305e-18,1.97758476261356e-16,2.03609749394908e-10,1.69906610127433e-16,-2.35581586347671e-16,-1.06875229152759e-16,4.97754428143905e-17,-1.06566523289164e-16,-1.23301817820642e-16,1.08873230126939e-16,-1.00140989716462e-16
"t38",0.117178315177322,-0.0730722483400958,0.0151888786077657,-0.00244796453961861,0.00078649460904883,-0.00168117375243992,0.00856138587493778,-0.00135458515190766,0.0413268253020107,0.00267280817809628,-0.0259812965635264,-6.14521713290342e-06,-0.0221601560856113,-0.082439646757509,-2.58549539104286e-05,-7.44913871991142e-05,0.000295167972231434,0.0256266518707476,0.0190611919550891,0.0665842931558503,-0.000727957863762044,0.0150105515128683,0.000209650393901084,-0.000745039409810185,0.0395307297252309,-0.00481845061705322,0.306936731460006,-0.507561929322586,-0.244673994703165,0.356738875453833,-0.0325199055548569,0.0528370464122385,-0.0101218679359435,0.185398411176874,-0.0107975392217636,0.00499320447362207,0.0093324853044373,-0.0198188123774399,0.00246556190954555,-0.000437076041043288,-0.00193246388315453,-0.00157710076566999,0.00103127218647274,0.00221147479889265,-0.00332435925031601,0.00344718883725864,0.030145136372831,1.98374264515078e-06,0.0231587802744857,-0.000652392000394701,-2.56339575314436e-06,-1.63006778885144e-05,3.75081806853739e-05,0.0148263736469932,-7.43787790646622e-06,-0.00878491070149976,0.000115248754169023,3.12871842667599e-07,2.95194878989479e-06,-2.02913798703908e-05,-5.52616125434896e-07,-3.19045096924819e-07,-0.00800337454525981,-2.5409227439226e-06,2.02478766851473e-05,2.62642685168034e-06,0.0352108192869444,0.0130176367890444,3.07186697626281e-06,1.67281100987129e-05,-0.000168258747519986,-4.74427516964498e-06,3.3938172110934e-08,0.000146003221967625,0.000338726540443443,-0.000519131136965053,2.05564731903252e-16,-5.12390644411779e-05,-3.73342604892499e-05,-8.23614180328613e-15,0.143234003478629,-0.00256316995835746,-0.000479328906028268,1.06654056709302e-06,-0.00057457886500478,-9.29563993993913e-06,-0.0178132899827342,8.5090408392141e-05,1.83116478507826e-06,4.86242982475349e-08,2.06099397796766e-06,4.80380177418161e-07,0.0804383996328698,-0.0311992780600045,3.03000911049698e-16,4.88654477929932e-16,5.17417828132874e-05,-0.0518582393252078,-0.000254979119397883,3.33944303348988e-06,3.51587221222013e-06,0.000181080786533141,0.000246053110896692,-0.0601106352852025,-4.6926636225356e-16,5.016685616709e-16,-1.10322170156218e-07,-2.50582692575268e-06,-8.71590126461097e-16,-4.81104618125958e-16,3.39425475774575e-16,1.62710731795315e-15,-0.574761301674832,-3.5669196812047e-05,0.102370898592417,-1.03006794543656e-06,-1.1085438619664e-15,3.22237429860144e-08,1.63766535362753e-10,3.49546780409327e-16,-8.99419836652328e-17,8.3854708158584e-17,-5.9605837386071e-08,-0.000981759876071858,1.36872139065367e-08,-1.35906117458041e-09,2.28879930904303e-10,-1.41888146097731e-16,2.6073598666927e-17,6.88345252616091e-17,-1.40729441988618e-16,-1.54149174436298e-11,-1.15771780226439e-16,1.15344520333886e-16,6.41034534482054e-17,5.20160803436029e-17,-1.90034028870596e-17,-2.84236988036994e-17,-1.00802121594801e-16,-2.00240331247861e-16
"t104",0.127243288170185,-0.0819346059879472,0.019008559164249,-0.0035337357731431,0.00137363878561959,-0.0033746921903357,0.0212012204312914,-0.00744190039747263,0.235390760725468,-0.0112013398529646,0.0861998276931838,6.22959803193695e-06,0.0123618552714265,0.0413491248942515,1.0319919571726e-05,2.43028634996333e-05,-9.28425126472156e-05,-0.00428451001220335,-0.00315125669943456,-0.00933441381290406,7.91524918798587e-05,-0.00140508635622347,-1.60844841596772e-05,3.19633374973993e-05,0.000693773225802497,-0.000111744157810287,0.0275731616537937,-0.0460146012369441,-0.0291344568114267,0.0446581621507381,-0.00555268317942499,0.00925273199915238,-0.00188537596470164,-0.590184566568478,0.00758113676824904,-0.000766084387481957,-0.00114988597020052,-0.0011655533535937,0.000163031108169349,-3.94809792769707e-05,-0.000215045942012715,-0.147518835378742,0.000131529051251077,0.000314507168316914,-0.000504195118264865,0.000535259750782449,0.00468507750210109,3.16445348993999e-07,0.00370728166187797,-0.000111818652049831,-4.62405799262801e-07,-2.99161315637738e-06,6.97982152212946e-06,0.00297209730937217,-1.54856799566982e-06,-0.0380337183361937,2.36963272912602e-05,6.6987451425403e-08,7.68028606696107e-07,-5.44146411850461e-06,-1.53051157812033e-07,-9.94563231007661e-08,-0.00251603295655359,-8.01791841775128e-07,6.7016931054487e-06,9.16019966098168e-07,0.0134182724932006,0.00536544918842064,1.43490150408647e-06,7.98477419197412e-06,-8.46267495154904e-05,-2.45325695455564e-06,1.83602961954576e-08,8.10466948650674e-05,0.000194589183554127,-0.000309035973044237,-5.77662917500277e-16,-4.20738235698496e-05,-3.14942811783115e-05,-7.40455873698975e-15,0.157450650347959,-0.00353075443991653,-0.000985060131956682,2.7889196896609e-06,-0.0346419887858936,7.59692135316148e-06,0.0080010556367659,-2.74286972839074e-05,-5.52820558760605e-07,-1.44708579008501e-08,-4.4400736003993e-07,-9.22392222656252e-08,-0.0140570254936792,0.00466312905069362,5.1234495396884e-16,-3.45388546430075e-16,-5.52374965453952e-06,0.00507309542463674,2.47558615072885e-05,-2.86165652172918e-07,-2.26137319728628e-07,-1.09755274369482e-05,-7.40400787332756e-06,0.00177929442241248,-1.18083460567832e-15,-1.73003137671906e-15,8.74265338509511e-10,1.86178180367326e-08,1.89551065815641e-15,-3.14114346242819e-12,0.707106781186548,1.32397738820837e-14,-0.00044402341636417,-2.76019511179573e-08,7.8224607261426e-05,2.776189484896e-09,1.07800400662579e-15,-2.14602478149084e-10,-1.09320976098045e-12,-7.08200859067531e-16,-1.89732522822273e-17,2.02931040534404e-16,1.00279663132335e-08,0.0127102516704732,-2.85576180758529e-11,8.02459077919176e-11,-2.2011509097624e-11,-2.28766791785224e-17,-1.60967986513664e-16,8.82276875896149e-17,2.14021508848639e-16,7.07905530527263e-12,-1.23919985747396e-17,-2.35580076341725e-18,7.14353706396387e-17,9.02470755836182e-17,-3.92538252983284e-17,-1.00732372253693e-16,8.00486802066078e-17,-1.2862647008639e-16
"t105",0.127243288170185,-0.0819346059879472,0.019008559164249,-0.0035337357731431,0.0013736387856196,-0.0033746921903357,0.0212012204312914,-0.00744190039747261,0.235390760725468,-0.0112013398529646,0.0861998276931839,6.22959803190942e-06,0.0123618552714265,0.0413491248942516,1.03199195716636e-05,2.43028634996159e-05,-9.28425126472824e-05,-0.00428451001220337,-0.00315125669943469,-0.00933441381290406,7.91524918798269e-05,-0.00140508635622346,-1.60844841596755e-05,3.19633374974522e-05,0.00069377322580251,-0.000111744157810297,0.0275731616537937,-0.046014601236944,-0.0291344568114266,0.0446581621507381,-0.00555268317942487,0.00925273199915225,-0.00188537596470168,-0.590184566568478,0.007581136768249,-0.000766084387481983,-0.00114988597020045,-0.00116555335359367,0.000163031108169374,-3.94809792768331e-05,-0.000215045942012699,-0.147518835378742,0.000131529051251314,0.000314507168316846,-0.000504195118264781,0.000535259750782512,0.004685077502101,3.16445348744199e-07,0.00370728166187784,-0.000111818652049858,-4.62405799218565e-07,-2.99161315627818e-06,6.97982152203947e-06,0.00297209730937252,-1.54856799560497e-06,-0.0380337183361938,2.36963272914024e-05,6.69874514337592e-08,7.68028606847272e-07,-5.44146411849593e-06,-1.53051157485322e-07,-9.94563226150436e-08,-0.00251603295655374,-8.01791841721785e-07,6.7016931051242e-06,9.16019966152866e-07,0.0134182724932008,0.00536544918842104,1.43490150401318e-06,7.98477419209658e-06,-8.46267495155425e-05,-2.45325695429196e-06,1.83602964131991e-08,8.10466948655019e-05,0.000194589183554115,-0.000309035973044139,4.82361546538801e-16,-4.20738235696865e-05,-3.14942811782751e-05,-7.5768384621977e-15,0.157450650347959,-0.0035307544399165,-0.000985060131958108,2.7889196896346e-06,-0.0346419887858934,7.59692135312814e-06,0.00800105563676613,-2.74286972838937e-05,-5.52820559108417e-07,-1.44708563187823e-08,-4.44007359483436e-07,-9.22392214312232e-08,-0.0140570254936788,0.0046631290506938,-1.66148765572628e-16,4.77964996857786e-16,-5.52374965495368e-06,0.00507309542463688,2.4755861506675e-05,-2.86165651827708e-07,-2.26137319819382e-07,-1.09755274372561e-05,-7.40400787434476e-06,0.00177929442241166,1.16451153392571e-15,1.7515586395651e-15,8.74264949064091e-10,1.86178166261585e-08,-2.01574867908505e-15,3.14110827462236e-12,-0.707106781186547,-1.3223529711213e-14,-0.000444023416365127,-2.76019449458112e-08,7.82246072610177e-05,2.77618933137297e-09,-9.88919015062218e-16,-2.1460220156911e-10,-1.09354912441313e-12,6.08454259198865e-16,8.22912305554872e-17,-2.55035957442482e-16,1.00279664194854e-08,0.0127102516704733,-2.85578123648822e-11,8.02458783016186e-11,-2.20115536041232e-11,1.32789587426015e-16,4.30572718790962e-16,-5.22311027849057e-17,3.14418630020796e-17,7.07919492340739e-12,1.53116532704465e-17,-5.09433526584701e-17,-9.76459581594757e-17,3.31841355878555e-18,2.49309433201657e-17,-1.4522701296501e-16,7.13716746978851e-17,-1.66790386557274e-16
"t126",0.129400536181483,-0.0838353229400282,0.0198294395837779,-0.00376761056327201,0.00150042847545664,-0.00374095417598061,0.0239400693414973,-0.00876661668230698,0.277627942952232,-0.0142436190920281,0.110824908615915,8.97533899394496e-06,0.0201040409947105,0.0691774593841888,1.84982812062862e-05,4.67623587494708e-05,-0.000181144645608692,-0.0112303437415134,-0.00831128469291179,-0.0270692698710589,0.000269308067763387,-0.00529149725521558,-6.98590815322464e-05,0.000219956001420088,-0.00913735364667424,0.00108691912931738,-0.0523774687550804,0.0863596860292589,0.0383337275951437,-0.0552134214486141,0.0049058773587096,-0.00799289765854231,0.00154671330975597,0.285954484877705,-0.00350568245406985,0.000312194299566405,0.000457766453933033,0.000275344544293048,-3.58965525911964e-05,6.07715375085304e-06,1.32477097235196e-05,-0.316529587555519,-1.07683168293622e-05,-1.93208902518355e-06,-1.86451863226763e-05,2.86135509805781e-05,0.000253529504583667,2.31368279483141e-08,0.000280815448345563,-1.46937722644817e-05,-8.40701354547571e-08,-6.03060133700165e-07,1.52765221527829e-06,0.00103065142904227,-7.01059157663508e-07,-0.414080599616026,-2.48804514568391e-05,-4.71282349809984e-08,-4.03110708320836e-08,1.27445678278076e-07,-2.04420872671742e-10,-6.02508772387655e-09,-0.000160045934725341,-5.2052806961988e-08,5.35628841900014e-07,8.56024862260938e-08,0.00149507526446231,0.000663767736093874,1.98978726103933e-07,1.12443482558019e-06,-1.2322074428318e-05,-3.62897987664541e-07,2.78016864382048e-09,1.24224342611429e-05,3.02777236699686e-05,-4.87812855485486e-05,-1.9222904518168e-16,-7.27018610724699e-06,-5.47125142845092e-06,-1.62039435688821e-15,0.0285094280216038,-0.000654932700393381,-0.000187924517978444,5.38041136930302e-07,-0.00692234929532716,1.65476234899851e-06,0.00182712734647879,-6.46512732487784e-06,-1.31168953229556e-07,-3.43854409876054e-09,-1.09147387773137e-07,-2.29577016882653e-08,-0.00353459855220556,0.0011925883516251,-3.67881033402825e-17,-2.80297780950536e-17,-1.46443360734974e-06,0.00135725579331272,6.62835951928568e-06,-7.76043734516951e-08,-6.3070330976956e-08,-3.07817621580768e-06,-2.20167778700107e-06,0.000529739375204067,-6.58379077074386e-17,-2.30729186671793e-16,2.80734597677898e-10,5.99462729844837e-09,1.65937142498906e-16,-1.43659343875881e-16,-4.88298013700761e-17,1.91900712418463e-16,-0.000158289788247079,-9.8505470690069e-09,2.80463626569428e-05,1.08423648878531e-09,-2.19001583844767e-16,-8.84750637553458e-11,-4.51102817380343e-13,3.13117587413814e-16,1.48459205582834e-16,-1.093250457835e-15,3.14458214196577e-08,0.056017309087024,3.0219135076226e-09,-3.23464843235075e-11,-1.67838068746914e-12,0.707106781186547,-2.11788106201553e-15,-2.03132870337609e-15,1.26363763203186e-16,1.92683949308201e-12,1.66767020754459e-16,-1.05917292741977e-16,-8.53809210832335e-18,2.99173410172835e-17,-1.45673988027011e-17,-2.4037117859714e-16,3.99745553818904e-17,-2.16096153780969e-16
"t127",0.129400536181483,-0.0838353229400282,0.0198294395837779,-0.003767610563272,0.00150042847545665,-0.00374095417598061,0.0239400693414973,-0.00876661668230698,0.277627942952232,-0.0142436190920281,0.110824908615915,8.97533899390662e-06,0.0201040409947105,0.0691774593841888,1.84982812062515e-05,4.676235874945e-05,-0.000181144645608714,-0.0112303437415133,-0.00831128469291181,-0.0270692698710588,0.000269308067763373,-0.00529149725521551,-6.9859081532263e-05,0.000219956001420096,-0.00913735364667424,0.00108691912931732,-0.0523774687550804,0.0863596860292589,0.0383337275951438,-0.0552134214486142,0.00490587735870963,-0.00799289765854239,0.00154671330975601,0.285954484877705,-0.00350568245406981,0.000312194299566329,0.000457766453933021,0.00027534454429305,-3.58965525910325e-05,6.07715375075763e-06,1.32477097233089e-05,-0.316529587555519,-1.07683168293932e-05,-1.93208902510332e-06,-1.86451863227813e-05,2.86135509805246e-05,0.0002535295045838,2.31368279639266e-08,0.000280815448345603,-1.46937722644414e-05,-8.4070135339398e-08,-6.03060133551846e-07,1.52765221514309e-06,0.00103065142904222,-7.0105915769138e-07,-0.414080599616026,-2.48804514567653e-05,-4.71282348637014e-08,-4.03110710280295e-08,1.27445678353537e-07,-2.04420982318463e-10,-6.02508768918208e-09,-0.000160045934725424,-5.20528070571268e-08,5.35628841934763e-07,8.56024860740345e-08,0.00149507526446241,0.000663767736093824,1.98978726296704e-07,1.12443482568232e-06,-1.23220744282148e-05,-3.6289798767972e-07,2.78016890613314e-09,1.2422434261077e-05,3.02777236699104e-05,-4.87812855485927e-05,3.35018471298021e-17,-7.27018610685928e-06,-5.47125142827051e-06,-1.78291626254379e-15,0.0285094280216038,-0.000654932700393233,-0.000187924517978729,5.3804113684877e-07,-0.00692234929532718,1.65476234899537e-06,0.0018271273464789,-6.46512732488814e-06,-1.31168953195187e-07,-3.43854530265864e-09,-1.09147387838921e-07,-2.29577016427288e-08,-0.00353459855220543,0.00119258835162484,1.9349643809563e-16,-2.26234276357257e-16,-1.4644336075913e-06,0.00135725579331246,6.6283595194168e-06,-7.76043732417936e-08,-6.30703313928525e-08,-3.07817621588921e-06,-2.20167778675322e-06,0.000529739375204209,2.94984574256542e-16,1.34430105019881e-16,2.80735046103917e-10,5.99462698457184e-09,-1.34386859279578e-16,2.08272681912147e-16,-1.67837631819601e-16,-1.24362189266753e-16,-0.000158289788246968,-9.85054733745536e-09,2.80463626569537e-05,1.08423645669292e-09,2.47639030800659e-16,-8.84749943121967e-11,-4.5094782551818e-13,5.8416813053519e-16,7.38659783713999e-17,1.14107306336386e-15,3.14458216659885e-08,0.056017309087025,3.02191255005524e-09,-3.23473685987993e-11,-1.6811539953112e-12,-0.707106781186548,2.31260269558577e-15,2.05062343288223e-15,2.29146129154811e-16,1.92725888958738e-12,-1.12600035871586e-16,1.18352993834945e-16,7.67073037033494e-17,8.60749902143975e-17,-1.70692511597491e-16,1.44874827491152e-17,6.1443875995954e-17,-2.43851729393273e-16
"t89",0.129165025020971,-0.0836275971450883,0.0197394392590005,-0.00374188291218956,0.00148643322496348,-0.00370044742293042,0.0236364769964526,-0.00861909031744872,0.272923642828583,-0.0139025182824775,0.108061665814638,8.66514114791473e-06,0.0192254145811166,0.0660169380509727,1.75680616788416e-05,4.42050083863041e-05,-0.000171088433764835,-0.0104383358068674,-0.00772290969018218,-0.0250474636338885,0.000247644356129256,-0.00484897347057233,-6.37412072543985e-05,0.000198626189988048,-0.00803406388014946,0.000952623089271645,-0.0437108437560588,0.0720186495110805,0.0311812456769439,-0.044677640513298,0.00383966194167452,-0.00623973687799044,0.00120017449113569,0.205743568921935,-0.00250247832566188,0.000217941614867557,0.000318205823930872,0.000172783331978095,-2.22097926967542e-05,3.5152725365494e-06,6.97767393975125e-06,-0.155436348733752,-4.67022099072054e-06,-6.67621504624009e-07,-4.98190848253685e-06,6.64275478458554e-06,5.84893881008705e-05,4.32298274781473e-09,5.06871202154794e-05,-4.89389590515557e-07,9.53872892478502e-09,1.03535077193107e-07,-3.39112703798359e-07,-0.000565824577956317,5.23388229431196e-07,0.678855137805293,5.46513318962663e-05,1.16061463837418e-07,5.63020816745068e-07,-3.80841344603533e-06,-1.03181353068653e-07,-6.21751160487238e-08,-0.00156804623092106,-4.99041484260468e-07,4.11467941105307e-06,5.56809507401622e-07,0.00807902007877741,0.00321829167096773,8.59534857285604e-07,4.78361203131369e-06,-5.07273633772471e-05,-1.47115421519472e-06,1.101911368545e-08,4.86662408913699e-05,0.000116931861249377,-0.000185856000374925,-5.32343266690383e-17,-2.5503093779855e-05,-1.9102347540414e-05,-4.28146016903663e-15,0.0960378087251398,-0.00216207306651848,-0.000606368850498641,1.72071180184604e-06,-0.0215469564819259,4.85104922942034e-06,0.00520792520935426,-1.81256605415094e-05,-3.66572100938363e-07,-9.60290467630354e-09,-3.00361580427228e-07,-6.28817036353417e-08,-0.00964701798629112,0.00323785137719665,2.64324030568928e-16,-1.39189684254507e-17,-3.94306888250404e-06,0.00364928476724611,1.78198836248093e-05,-2.08328580495083e-07,-1.69136415739962e-07,-8.25620946442313e-06,-5.96668313633682e-06,0.00143618923312521,4.53191345151253e-18,6.42084271404153e-16,7.9236268718183e-10,1.6954276155039e-08,-7.55526283896524e-16,-4.06785166347314e-18,-4.24176768781097e-17,1.69001221592211e-16,-0.000497047187868352,-3.09742506300788e-08,8.87091038210072e-05,3.8564990220355e-09,-3.38963479536525e-17,-3.39953016800267e-10,-1.73301233347457e-12,1.87350135405495e-15,1.35093677826306e-15,-1.08163942473173e-16,3.12905317457427e-07,0.573434809636463,3.31612626746323e-08,-6.06611207662824e-10,5.19258594184734e-11,3.99613365288081e-16,2.28526735029564e-16,1.18173766001532e-16,3.00107161343988e-16,-2.63753347504517e-12,1.63439683132833e-16,-9.47098162798917e-17,-2.42956154326845e-16,4.0589811833589e-17,-5.51869413784624e-17,-6.87987339285021e-17,2.01405758098048e-16,-2.01622753786859e-16
"t90",0.128742536895458,-0.083256913914825,0.0195814296054617,-0.00369750604757913,0.00146274399586502,-0.00363264018546177,0.0231350871091941,-0.00838250875973715,0.265385676070924,-0.0133812407490762,0.103866018726125,8.22190523623969e-06,0.0180362124250347,0.0617875935873588,1.63550599785317e-05,4.09498409553186e-05,-0.000158345368330353,-0.00951019607425318,-0.00703433330378471,-0.0227268416720011,0.000223467334145967,-0.00436259930467946,-5.71413809993426e-05,0.000176592527460544,-0.00700676934716114,0.000829044257175323,-0.036958457857399,0.0608704178970959,0.0260290999981674,-0.0372042633101124,0.00315126785378568,-0.00511568761713275,0.000981581842443845,0.163864849184382,-0.00198827367668717,0.000172029379060467,0.000250869397162683,0.000132846817992785,-1.7025656425803e-05,2.6603162690894e-06,5.20220487752049e-06,-0.114797501741012,-3.40156093537767e-06,-4.77201718377708e-07,-3.50933773428201e-06,4.65131315793751e-06,4.09448554161525e-05,3.00493591641471e-09,3.51982105432484e-05,-3.32875132696259e-07,6.37727107493519e-09,6.88006002530169e-08,-2.24231886010993e-07,-0.000364234293714447,3.32636546629476e-07,0.414804966617979,3.28753134981917e-05,6.93956023764635e-08,3.14760765489949e-07,-2.10202069962336e-06,-5.61789927605149e-08,-3.22571915324643e-08,-0.000810845608140899,-2.57681732185062e-07,2.08640942528973e-06,2.77020829148977e-07,0.00390054074075627,0.00151640615890958,3.91137640254422e-07,2.16476942053217e-06,-2.26622880029614e-05,-6.52953771458804e-07,4.84096321646105e-09,2.1260838447688e-05,5.07166561762558e-05,-8.00320192309285e-05,-5.68121938382404e-17,-1.04068502431356e-05,-7.7660690805904e-06,-1.34663330833562e-15,0.0378429760649463,-0.000834660813406436,-0.000228005493434001,6.39733219741384e-07,-0.00770328607244247,1.52866418344678e-06,0.00149105804887969,-4.78954912617785e-06,-9.50571455113911e-08,-2.47958782326196e-09,-6.93574875784686e-08,-1.38389615106024e-08,-0.00203355512176155,0.000630066675266655,-2.22875140104618e-17,1.61665484221794e-16,-6.18010789904316e-07,0.000534030179809569,2.59154104089489e-06,-2.71290560571735e-08,-1.5932440281531e-08,-7.15121267148323e-07,1.62530178751327e-08,-6.84946312738514e-06,-7.51712225951202e-17,-3.13876830802351e-16,-1.16666052903461e-10,-2.59189987995726e-09,5.58472539047283e-16,-2.18817953384105e-16,-1.52308784930085e-16,-1.74448137363255e-16,0.000188450142250141,1.18205186836612e-08,-3.47892047846303e-05,-2.23029185657947e-09,6.20797338108398e-17,2.31874820180115e-10,1.18284593556272e-12,-3.09821612809458e-15,-1.87928168800988e-15,2.04307514667299e-16,-4.39945996721144e-07,-0.813224166903302,-4.79682286252947e-08,9.75922673077979e-10,-1.02363312189666e-10,-5.43012874202612e-16,-2.51623312817898e-16,1.92297832235627e-17,-4.31024573671612e-16,1.27362715372e-11,-2.00339019282825e-16,6.88365034887417e-17,-2.75306036648382e-16,-1.66406219090861e-16,2.86391731140487e-17,-2.3254704066509e-17,-2.14517861521597e-16,8.65872578058747e-17
"t131",0.128751665371095,-0.0832637404119157,0.0195827560611545,-0.00369738234835105,0.00146238739891591,-0.00363111777330171,0.0231192284243208,-0.00837012968482514,0.264986848387384,-0.013335141828363,0.103473737701126,8.15815525862147e-06,0.0178063861498304,0.0609239089052459,1.60761354673807e-05,4.01197001016727e-05,-0.000155034937551098,-0.00918608153421634,-0.00679273813446526,-0.0218563864822749,0.00021351483921721,-0.00415232662162064,-5.41163367082276e-05,0.000165083192934659,-0.00628965322237666,0.000740033236608373,-0.0295720368138396,0.0486088979202976,0.0192400932005279,-0.0269960053251932,0.00198289406876052,-0.00317722678541228,0.000590312931384991,0.0487169666388946,-0.000513857652189609,2.41646944470288e-05,2.9210952986968e-05,-8.44013687724104e-05,1.31304790465629e-05,-4.16520347040799e-06,-1.68849770224412e-05,0.599477101341168,4.08862910516027e-05,9.38830190381143e-05,-0.000156400861369029,0.000169134996932124,0.00148154395468858,1.0232111507559e-07,0.00120247262717188,-3.86842228164417e-05,-1.68586738811226e-07,-1.11125094619843e-06,2.63310400312278e-06,0.00123319051565248,-6.8414681284322e-07,-0.10035430865634,3.41916162407236e-06,1.46307068780253e-08,2.84023062577885e-07,-2.05851701441228e-06,-5.90644033393042e-08,-4.03728208503429e-08,-0.0010241271713041,-3.26747045056061e-07,2.76876934998763e-06,3.83272648450759e-07,0.00571226679942157,0.00231198331655593,6.27696185258103e-07,3.50061248111986e-06,-3.7283777469011e-05,-1.08341295622328e-06,8.13772258514901e-09,3.59910003911675e-05,8.6621950310826e-05,-0.000137892147757982,1.38452617426399e-16,-1.90716995868874e-05,-1.42901576292969e-05,-3.67056645494968e-15,0.0720042186567893,-0.0016223497617631,-0.000455210460310257,1.29179375800225e-06,-0.0161663272381026,3.6155477264665e-06,0.00385212239361475,-1.3312383560419e-05,-2.68769531383702e-07,-7.03809283422729e-09,-2.17897593489581e-07,-4.54187470152025e-08,-0.00694103217659279,0.00231336606880637,5.47564518893506e-17,2.48985349636657e-16,-2.76832333486452e-06,0.00254913916564526,1.24421832852563e-05,-1.44359364877798e-07,-1.15024469335546e-07,-5.59195070338765e-06,-3.8399775042447e-06,0.000923150461307571,1.06708340674269e-16,-2.78193350074335e-16,4.64469511896742e-10,9.89958242234002e-09,-3.29055359349351e-17,3.66777644196993e-16,6.71737504204721e-17,2.45496895696085e-16,-0.000243896995061154,-1.51667347032119e-08,4.30467926596497e-05,1.57035540820916e-09,-1.04811225717507e-16,-1.23548609548291e-10,-6.29499314122177e-13,3.43908929112402e-16,4.32830230484155e-16,2.0654360419777e-15,1.75004989499527e-08,0.0291008225237042,1.28227926410665e-09,1.85090109471736e-11,-9.614350304386e-12,2.0833754843178e-15,-2.07350348712082e-15,0.707106781186547,2.19431677689341e-15,3.70751975127537e-12,1.52213008124551e-16,8.70094851138759e-17,-1.90751819721668e-16,-1.18321615071815e-17,-1.44974138859109e-16,4.85030978917015e-17,-1.20601466887134e-17,-2.57616779246837e-16
"t132",0.128751665371095,-0.0832637404119157,0.0195827560611545,-0.00369738234835104,0.0014623873989159,-0.00363111777330171,0.0231192284243208,-0.00837012968482513,0.264986848387384,-0.0133351418283629,0.103473737701126,8.15815525859456e-06,0.0178063861498304,0.0609239089052458,1.60761354674951e-05,4.0119700101697e-05,-0.000155034937551103,-0.00918608153421634,-0.00679273813446522,-0.0218563864822748,0.000213514839217154,-0.00415232662162057,-5.41163367082025e-05,0.000165083192934639,-0.00628965322237664,0.000740033236608385,-0.0295720368138396,0.0486088979202976,0.0192400932005279,-0.0269960053251932,0.00198289406876056,-0.00317722678541231,0.000590312931384979,0.0487169666388946,-0.000513857652189623,2.41646944469385e-05,2.92109529869168e-05,-8.44013687724397e-05,1.31304790465074e-05,-4.1652034707107e-06,-1.68849770225471e-05,0.599477101341168,4.08862910514023e-05,9.38830190379712e-05,-0.000156400861369186,0.000169134996932035,0.00148154395468857,1.02321115118958e-07,0.00120247262717176,-3.86842228162828e-05,-1.68586738787807e-07,-1.11125094613961e-06,2.63310400320442e-06,0.00123319051565271,-6.84146812854216e-07,-0.10035430865634,3.41916162393272e-06,1.46307069370744e-08,2.8402306241145e-07,-2.05851701437108e-06,-5.90644032070722e-08,-4.03728207219733e-08,-0.00102412717130364,-3.26747045019523e-07,2.76876934993375e-06,3.83272648320112e-07,0.00571226679942169,0.00231198331655621,6.27696184802521e-07,3.50061248162201e-06,-3.72837774689737e-05,-1.08341295600861e-06,8.13772264966581e-09,3.59910003910916e-05,8.66219503105783e-05,-0.000137892147758069,-1.68159756952502e-16,-1.90716995868648e-05,-1.4290157629362e-05,-3.61749475860651e-15,0.0720042186567895,-0.00162234976176305,-0.00045521046030996,1.29179375870674e-06,-0.0161663272381027,3.61554772644921e-06,0.00385212239361477,-1.33123835607216e-05,-2.68769530885728e-07,-7.03809258095767e-09,-2.17897593876424e-07,-4.54187475435342e-08,-0.00694103217659258,0.00231336606880649,5.36722497165753e-17,3.01123890535083e-16,-2.76832333455813e-06,0.00254913916564528,1.244218328545e-05,-1.44359365239488e-07,-1.15024468999612e-07,-5.59195070353683e-06,-3.83997750443379e-06,0.000923150461307636,2.34414507107868e-17,1.21660411102233e-16,4.64469564805808e-10,9.89958235070136e-09,2.11744684286419e-16,-2.29316266126269e-16,2.37494055603981e-16,-1.86141498260507e-16,-0.000243896995061326,-1.51667341272838e-08,4.30467926596165e-05,1.57035504651931e-09,2.99379414047925e-16,-1.23548650368503e-10,-6.29140111986732e-13,1.92120624964431e-16,-2.25939872310571e-16,-2.1274144826232e-15,1.75004991223408e-08,0.0291008225237043,1.28227952865198e-09,1.85092619399765e-11,-9.61416826684124e-12,-1.79917323914526e-15,2.13320094109358e-15,-0.707106781186548,-2.3711501512258e-15,3.7073731942467e-12,-1.63165930394429e-16,-1.55766088768211e-16,-7.17470787642283e-17,-2.49317361517928e-17,-1.76199160397657e-16,-1.14217859441405e-16,-2.27285288961585e-16,-2.12513968791994e-16
"t43",0.123634056832184,-0.0787745951480085,0.0176705186424234,-0.00316077979988872,0.00117621924695172,-0.00281251043951022,0.017071042730854,-0.00552182924401096,0.174239446834314,-0.00708300497619205,0.0531803031047912,2.87749759267497e-06,0.00373398257188965,0.0109557069652282,1.80029088852132e-06,1.95992814001965e-06,-5.76425406931887e-06,0.00152069211573056,0.00114811525643724,0.00478656472759828,-6.21370315165951e-05,0.00137061174104898,2.0437254519597e-05,-8.05154760603825e-05,0.00470907617073195,-0.000575867656219763,0.035263923742709,-0.0582397939837825,-0.0267562206817281,0.038609242708945,-0.00333477641851886,0.00540582423025309,-0.00103197293151225,-0.123603638064322,0.00138396789910654,-8.59891296559277e-05,-0.00011456776130947,0.000170225092588001,-2.82751860442259e-05,1.13935200480025e-05,8.87000924308396e-05,0.00254725277321078,-8.30804177725921e-05,-0.000245989502111206,0.000453747352432851,-0.000507469028259976,-0.00445092323493315,-3.18546348558428e-07,-0.00376114692643227,0.000131852515984497,6.07894156392933e-07,4.07471232337923e-06,-9.77529439950673e-06,-0.00476862765506771,2.62696719717986e-06,0.0318962530896479,-5.48002676377551e-05,-1.55593357571824e-07,-2.14942863660189e-06,1.57837701370265e-05,4.6070530821445e-07,3.38457413787303e-07,0.00863030873177987,2.75983896934464e-06,-2.40701166826909e-05,-3.43420814976528e-06,-0.0536600906128072,-0.0225507428486437,-6.45168386052722e-06,-3.62762157116303e-05,0.000393703805125911,1.15490605237483e-05,-8.80275609804629e-08,-0.000392434697539053,-0.000954172871917629,0.00153434908988256,1.95641571519578e-15,0.000228266291220973,0.000171872774117177,4.17004484328659e-14,-0.901620745350325,0.020843568471727,0.00603970844244008,-1.73736135205461e-05,0.22758793930822,-5.82800313810488e-05,-0.068088323180944,0.000252588343120423,5.18128009818202e-06,1.36161891268159e-07,4.60583224204402e-06,9.94666753101933e-07,0.156717932630114,-0.0551112025364864,-7.19185454971218e-16,-2.19961180311122e-16,7.49379345280393e-05,-0.0715188852613901,-0.000350178435531636,4.28427931772153e-06,3.88486915564121e-06,0.000194220419653834,0.000190558153865958,-0.0462215301380936,-4.10313172983522e-16,-4.35114872719248e-16,-5.08599660715807e-08,-1.13012431302119e-06,-3.75594737603291e-16,-1.35994652186572e-16,-2.08076574790637e-17,2.5564502410339e-16,-0.0657767623141863,-3.96702055278344e-06,0.0099915688698611,1.31446425536081e-07,-2.4279374489202e-16,-7.89454277996685e-09,-4.01882527762302e-11,3.65376132127615e-17,6.53487108770253e-17,7.06436197920946e-17,8.11123159706259e-08,0.0391344793624739,-1.22278406321837e-08,1.62675282711642e-09,-3.67260075161743e-10,1.39705863359978e-16,-3.3873524079279e-16,6.97280026362406e-17,-1.80357031392964e-16,8.49241094520682e-11,7.62423219621458e-17,1.59625348590088e-16,-5.91127353229831e-17,-5.29446234323216e-18,-1.36080338997005e-16,-8.34119369314028e-17,-7.25922008414813e-17,-2.60694534119523e-16
"t46",0.106584971401273,-0.0637509476959984,0.0111840472724914,-0.00131651513074954,0.000182058391603458,4.0623964907022e-05,-0.00394750927593913,0.00108746183475873,-0.00839962208431904,0.0181028756430001,-0.14887915956188,-1.7361652872751e-05,-0.034368244433912,-0.0919811080047679,2.26136300403613e-05,0.000867197064368418,-0.00683167333836276,0.129744424727533,0.073281436171723,0.489512901664163,-0.0054129508273627,0.117566156890767,0.00181738342527063,-0.0105495706435664,-0.249287047160092,0.0238608218778055,-0.0917413302318573,0.142742096704397,-0.0641934399458028,0.0155973449895834,-0.0146203114153686,0.0245692280494078,-0.00505013673776768,-0.00366734560813005,-0.00580406843612235,0.00343694004516851,0.0065323174792866,-0.0161149133796411,0.00202253470522658,-0.000369035675939631,-0.00166394544159326,-6.03213439745129e-05,0.000896722759373977,0.00190568316884565,-0.00278538601531716,0.00279045198919098,0.0243454487867027,1.07701900904644e-06,0.003127377030934,-0.000573841681792844,-2.17042168246858e-06,-1.36326132326527e-05,3.10396145405373e-05,0.00329715994094658,-5.95188122316777e-06,-0.000658088642725197,7.89809924248166e-05,2.10124217625383e-07,1.49913228314177e-06,-9.58237557331025e-06,-2.38999825268022e-07,-8.45274361963022e-08,-0.000832390398614356,-7.482893273775e-07,3.93982981387289e-06,3.11230031296302e-07,2.72553368214107e-06,-0.000646543644734226,-1.00371195646131e-06,-5.98843318697521e-06,7.28010084533751e-05,2.23700198826501e-06,-1.8097452207519e-08,-8.28424154284773e-05,-0.000207139432112006,0.000340244676686803,-1.41987116508702e-15,4.6496929076028e-05,3.4021414632263e-05,4.09009848559294e-15,-0.101452171829412,4.93797970050197e-05,-0.000102354851101587,8.09785029568574e-06,-0.670874997579159,-0.00010963734641427,-0.0562977866585579,0.000411150629384187,8.27249039910097e-06,2.1658247184933e-07,6.80908490312625e-06,1.42539221240794e-06,0.21740826270695,-0.0706207301286527,1.99900257224549e-15,-4.91272534621079e-15,5.58351006549301e-05,-0.0314477277468501,-0.000142477227078183,-1.65189891966275e-06,-8.95993682747954e-05,0.0107541104499672,0.000964265381042036,-0.233110129667178,-5.11881333021875e-16,-1.44564154012141e-15,-2.74795690077172e-07,-6.15498737453159e-06,3.59467230287569e-16,5.65195239635874e-16,2.97862123881763e-18,1.32632859366448e-16,0.0185070676649017,4.12582658924909e-06,-0.00124683380217722,-5.31168530393646e-06,-2.33254378779675e-16,1.24877145838006e-07,6.34260655225745e-10,-5.18248638448071e-16,-8.32919843196365e-18,1.15766249514834e-17,-1.59795476204665e-07,-9.02481824931859e-05,3.69176125555176e-08,-3.57118273603026e-09,5.795052691025e-10,9.00830822834998e-18,-1.93072556378497e-17,8.20460935774358e-17,1.77158634984131e-16,-3.50041155186987e-11,1.78284399231478e-16,-1.03016075333734e-16,-2.36762649416522e-17,1.51582066750845e-16,-2.62623744472912e-16,-2.3512970982018e-17,1.56724942978627e-16,-4.16562171931274e-16
"t47",0.106850310172033,-0.0639665025630976,0.0112528176914151,-0.00132860011885528,0.000184322454315546,4.12076107383556e-05,-0.004013545617975,0.00111130122982445,-0.00858496927639833,0.018656335482579,-0.153605565778357,-1.8106995366122e-05,-0.0361943821105439,-0.0970676686987448,2.39763799495529e-05,0.000923509048395124,-0.0072812347133757,0.140280386870937,0.0792520062133648,0.531296852554772,-0.00590559834427503,0.128630103714667,0.00199531388677109,-0.011676259928956,-0.281310727815363,0.0269854403846281,-0.107023701010389,0.166590073825128,-0.0759806910564451,0.0185136322097255,-0.017654359535994,0.0297053712677472,-0.00612386120381761,-0.00459823496332489,-0.00730050310810209,0.00436079466198084,0.0083016125752067,-0.0212077272929549,0.0026732109183869,-0.000497163768838273,-0.00229420593940955,-8.44406419310123e-05,0.00128473272591677,0.00282211630162027,-0.00423843037838562,0.00429543463465483,0.0374934164726725,1.68196857667363e-06,0.00489364744078205,-0.000937496129802912,-3.68496353470894e-06,-2.34765223964385e-05,5.40887112496422e-05,0.00615217843622221,-1.15061781574581e-05,-0.00143876010631127,0.000182628476430745,4.97142031245093e-07,4.88896500095393e-06,-3.3864917234722e-05,-9.29335700077007e-07,-5.26065213765636e-07,-0.00541277813483097,-4.96472240795051e-06,3.52198953361242e-05,4.46260373439917e-06,0.0277814194396862,0.0108873545666358,6.71417540673916e-06,3.64185951631673e-05,-0.000364447356694563,-1.02602733381887e-05,7.32399202887272e-08,0.000314645531058464,0.000728265129967557,-0.00111243149093184,2.10725534244283e-15,-9.75948593866151e-05,-6.95823651315122e-05,-1.25897556269017e-14,0.169540683271322,-7.32141900487739e-05,0.00013164947269027,-9.83016139215128e-06,0.675063741748839,6.55501977560345e-05,0.02369599870488,-0.000130309500635766,-2.45299135827803e-06,-6.32601644887099e-08,-1.32392716424592e-06,-2.2992651011822e-07,-0.0293548162802201,0.00658190332275044,-1.13216004486627e-15,4.36218946174291e-15,-6.52123937360666e-07,-0.000235635355633876,-1.2983251812777e-06,-5.77855848223757e-08,-7.90098557170358e-06,0.0010554802589658,0.000185256560298092,-0.0451930753934011,1.01300033574518e-17,5.82159687553249e-17,-7.90610879659003e-08,-1.788375420664e-06,-7.56773116394882e-16,-5.25399168398472e-16,1.36681224863749e-16,8.13081906407374e-17,0.00692367210816235,1.54629520921021e-06,-0.000470811818748029,-2.22119281423003e-06,2.67485645955669e-16,5.43408537855006e-08,2.76036098638489e-10,-4.24139889876329e-16,4.81517923069763e-17,2.63606799519597e-17,-8.01731245827705e-08,-4.53414580719643e-05,1.86054619991799e-08,-1.82883663421562e-09,3.05050554369642e-10,-2.16712502698174e-17,1.76275801758327e-16,-4.63552170232242e-18,-1.19262238973405e-17,-1.99785464322262e-11,-1.96137642181519e-16,3.71042877715797e-17,-2.12666256133032e-16,-6.71024027629674e-17,-2.09371483817165e-16,-2.68619341349843e-17,-2.55506872739758e-16,1.55220396291828e-19
"t24",0.104390834545702,-0.0619717259197615,0.0106195882561894,-0.00121792677891816,0.000163708053132168,3.59115597707022e-05,-0.00341680151066602,0.000897804358258741,-0.00692547900213889,0.0137720254270731,-0.111976642332044,-1.16618167673712e-05,-0.0206581419323378,-0.0539393262186888,1.2510411200567e-05,0.000453086847661661,-0.00353062439738369,0.0543701322920605,0.0305870256634321,0.192633050551368,-0.0019447766272615,0.040065677924013,0.00057857320913841,-0.00281446409085084,-0.0365638327708272,0.00318135719346083,0.00441308539053649,-0.00720570610130752,0.00829498572322769,-0.00225830304537639,0.0034738578599057,-0.00600278256669161,0.00131270080339615,0.00158446412562402,0.00259999049588593,-0.00168777026564979,-0.00325977300936155,0.0107463127818272,-0.00138955524341643,0.0002860981528581,0.00146393936694438,5.71186161414324e-05,-0.000939508967445487,-0.00226430551349768,0.00362386205316607,-0.00376266246115565,-0.0328744836604166,-1.51554119907915e-06,-0.00442579625815992,0.000911451814577208,3.77780823659218e-06,2.44892008618193e-05,-5.71970344247176e-05,-0.00695524026468257,1.33771966770303e-05,0.00179844911058806,-0.000233759113907338,-6.4171131154766e-07,-6.75901592870156e-06,4.72022545149643e-05,1.30448036643179e-06,7.46713807481258e-07,0.0076828735797969,7.04659539588811e-06,-4.98765221630397e-05,-6.2830708906364e-06,-0.0384631958526215,-0.0147598246189966,-8.71820417638371e-06,-4.68908259246103e-05,0.000459282630186658,1.27769061364358e-05,-8.93842328345434e-08,-0.000379474473093083,-0.000864208375371784,0.00129752392054579,-2.54136989230602e-16,9.6032462741355e-05,6.74453411461245e-05,1.44567517679217e-14,-0.141378799761193,5.36865137041112e-05,-7.76038106754122e-05,5.1341216085242e-06,-0.177878986222007,5.95053503037197e-05,0.0536755494891274,-0.000503514431584228,-1.06002923693478e-05,-2.80237504590719e-07,-1.08076877091163e-05,-2.41751800641662e-06,-0.388382965240809,0.136914072327411,-1.47027523318328e-15,5.1296427340108e-16,-0.000126913224286106,0.0742335581886109,0.000337402537922961,4.11872551503434e-06,0.000249041372750576,-0.0305219217137547,-0.00337537977556934,0.819416750427948,1.69142787398422e-15,3.7346638224371e-15,1.23872316460868e-06,2.79820477223532e-05,8.54784992787572e-16,-2.96817007460805e-16,-5.17059586655035e-16,-1.06975180068325e-16,-0.112323521438971,-2.51092179865929e-05,0.00767614111612786,3.93448309483832e-05,-1.09157914518659e-17,-1.01283449771864e-06,-5.14584605918413e-09,-3.46944695195361e-16,-2.81356970853734e-16,-4.49952859224795e-17,2.11709181891645e-06,0.00120384489538467,-5.00267107728797e-07,5.27791822226009e-08,-1.02179567008052e-08,-4.33874857172692e-18,-1.98648962975992e-16,3.82849629435731e-17,-4.9439619065339e-17,1.66411830300993e-09,-1.13332446233009e-16,6.92433771467474e-17,-3.4705311541261e-16,-4.52474056791431e-17,2.85094084390324e-16,-2.84663065827022e-16,6.56174348025049e-17,-1.77901525531352e-16
"t17",0.0902745059984462,-0.0497627821783546,0.005666493205747,8.58315710625578e-05,-0.000473937446783681,0.00174564493710347,-0.0148103070990827,0.00178229216528464,-0.00735960780862178,0.0194027527919036,-0.148111405031325,9.01380264283501e-07,-0.0419533609283741,-0.0172925999355658,9.50321857675074e-05,0.00140771871699633,-0.0101796072662902,0.0525587205737615,0.0217728571763905,0.16967971549558,-0.000754983897155788,0.00399840536958837,-0.000166755196342713,0.00399301437929448,0.265085971033107,-0.0272177709511392,0.117646596638801,-0.172469491695825,0.384706436309214,-0.190868963777938,0.0974470626473973,-0.16622649662252,0.0354666622962086,-0.00366177514092637,0.075467500237136,-0.0528609597193787,-0.103946904141692,0.702334597945992,-0.107339023689187,0.160244863200014,-0.111658367736097,-0.000149190767477813,0.0228330789769377,0.0312076480745921,-0.0275558340011749,0.0119247201061513,0.095131941185252,-6.75862826451101e-05,-0.000172861274638289,-0.0100247613133952,-3.08860463043865e-05,-0.000184980544163788,0.000407147688800569,0.00532538454355527,-6.65654017236825e-05,-0.00113506623158564,0.000794464059222075,2.10438125191881e-06,1.56326365320082e-05,-0.00010287899568773,-2.67347577894431e-06,-1.21693625045743e-06,-0.00305886496035396,-1.21664454193163e-05,7.55930338102485e-05,8.66471693641521e-06,0.0132927560996351,0.00487215174201072,9.50527707276223e-06,4.98855855845038e-05,-0.000462211270749403,-1.25033919044911e-05,8.36890022186894e-08,0.000346648444553208,0.000764261032211853,-0.00110977266317419,-4.50811263319473e-16,-5.86389115554559e-05,-3.96750118204295e-05,-9.68452748550952e-15,0.0341791936097225,0.00133559137314685,1.67342792270426e-05,-3.3726454895221e-06,0.0268266293582767,-4.48438625450612e-05,-0.0121269370711978,0.000227989472568643,4.54830795502091e-06,1.1882753217507e-07,3.38095282199864e-06,6.55329856249966e-07,0.0906635424671344,-0.0306641506186343,4.87292979928539e-16,-1.243665022451e-15,-1.68214681346688e-05,0.0385344753948452,0.000199977364056716,-5.55318420390055e-06,-7.11167905892782e-05,0.00758538423056993,0.000154801510118699,-0.0351992880165823,-7.59173923884329e-17,-7.58509444985161e-17,1.31210522541676e-07,3.08981463443956e-06,-2.18358317538581e-16,-4.12308554337865e-17,9.52665615323408e-17,1.58732994683879e-16,0.000848314603699486,-4.35347225866394e-06,-4.93712533723524e-05,1.25533577764528e-05,1.87366328189303e-17,-3.54396117186948e-07,-1.80107204981051e-09,2.31585584042904e-16,-2.06560006773923e-17,-2.07414744407396e-17,1.00947221259688e-06,5.26120328915074e-05,-2.40888392189983e-07,2.62783594795393e-08,-5.3871596636737e-09,1.45256930794148e-17,-1.3377599642541e-17,4.82485025737126e-18,2.44379169678233e-16,1.03608860249974e-09,3.64269945078481e-17,5.81987098395073e-18,-2.95174041459179e-17,-2.55309633020685e-17,-3.76241057508398e-16,-8.78517523844359e-17,-3.75602140868562e-17,-2.18385463551599e-16
"t11",0.0720002965066581,-0.0341432881404973,-0.000427250368254035,0.00161428372123784,-0.00117727404302318,0.0035528610802675,-0.0261316806500092,0.0024594594890385,-0.00617851985779031,0.0189361612369978,-0.130988326671506,2.68768087633971e-05,-0.0810773628959428,0.000196218122330568,0.00018346036831606,0.00239906115054611,-0.0170246876756068,0.0529219390718463,0.015594216427071,0.159006279036504,9.85095112589549e-06,-0.0186181303381474,-0.000612032065346658,0.00750041246998553,0.355530215294262,-0.0355572219783257,0.0817217768190707,-0.113170219628424,0.337160149806636,-0.174342916642472,0.0593965428956116,-0.0986341563342008,0.0197132578327745,-0.00849028768615005,0.00521853137632221,0.00319109127632505,0.00883355413820006,-0.480183135941724,0.0824504903658926,-0.1887908157308,0.197796884795102,-5.23444025189101e-05,-0.0704378843499483,-0.146264479704941,0.157582179949571,-0.00492159626553221,0.0647284425543192,0.00113943875728515,-0.000101869828541903,0.420752745008088,-0.00316986801061607,-0.00906446121519318,0.0142085640855743,0.00392508439400534,-0.000807106844287035,-0.0008680756496526,0.00594112918628929,1.5221515167954e-05,8.71954693458389e-05,-0.000554119246743372,-1.39175887055909e-05,-5.69220946599822e-06,-0.00265715473420768,-5.75390734118039e-05,0.000341449047866693,3.77461140134465e-05,0.0121469748969984,0.00453355613776153,3.77734083215917e-05,0.00019667462039816,-0.00178982766486055,-4.79813852107957e-05,3.16603882205398e-07,0.00130099684050913,0.00283829568714382,-0.00407671747817246,-1.15136849707098e-15,-0.000190224438346514,-0.000126570908449662,-2.83981822432611e-14,0.0365773989890101,0.00637592220226431,1.8521288708527e-05,-1.19818204676183e-05,0.0310513615223274,-0.00015281592973566,-0.017416887655698,0.000685408747731702,1.34251682635513e-05,3.49292355072625e-07,8.75426068332664e-06,1.56440731775961e-06,0.193611487454292,-0.0748475514575277,1.94827699138416e-15,-5.64988095223799e-15,-0.000118927684738353,0.186654745633126,0.000950074649259015,-2.13141623864477e-05,-0.000211089890345096,0.0214743044025244,-0.000124870665383039,0.0384528854509626,-4.02730554958794e-17,2.33413129791707e-17,6.58762095920177e-07,1.52719159717393e-05,2.69613975242833e-16,1.0243918428464e-16,5.50008927669518e-17,8.99394800339242e-17,0.000117843785137988,-1.6981139827753e-05,-7.33043500046037e-06,4.52803652028345e-05,2.25872030377624e-16,-1.25057389535187e-06,-6.35509461897277e-09,9.54097911787244e-18,-2.68921243460658e-18,5.42716850338907e-17,3.30742037065932e-06,2.0572516857727e-05,-7.87460794647154e-07,8.51979208912478e-08,-1.7218982864404e-08,-9.71161847398829e-18,7.34935086431282e-17,1.0862978461449e-16,7.6219412725731e-17,3.1721312045873e-09,1.59144940318033e-17,-3.50636363496704e-17,1.80695844571865e-16,-4.54083292039845e-17,-6.15900022600828e-17,-7.59683832194059e-17,3.98642139198308e-17,-2.60459017524384e-16
"t3",0.0246889046675409,0.00593899983292431,-0.015626207905511,0.00530169334112373,-0.00280871645940483,0.00763818452037089,-0.0508367432967849,0.00375690128704121,-0.0026961192871366,0.0148780572600846,-0.0710479436138004,7.658368053858e-05,-0.139827022967824,0.0355547535251137,0.000304967471781978,0.00357368890402776,-0.0248790918941505,0.0336571456134852,-0.0013945173252019,0.0778180448750456,0.00131937157172125,-0.0489818794228482,-0.00108345217401212,0.00955412321822295,0.291670434315505,-0.0277306929225257,-0.012616390805922,0.0283041950836404,0.0531102278602553,-0.0345733705499337,-0.018302683774359,0.0338531586760323,-0.00846661684522194,-0.00391242832592109,-0.0371466527316386,0.0267949617555021,0.0527483918787373,-0.242674933135904,0.0321949959210467,-0.00269014939041779,-0.0600846093223842,-1.97103769381097e-05,0.0496590962042942,0.145974946794071,-0.195111662817316,0.0169132054947851,0.0115362475376284,-0.0015592335557194,-4.51823661435638e-05,-0.718702046915163,0.0062362925358065,0.0186711626906231,-0.0303459874858465,0.00120605213387562,0.00223581510633688,-0.000336021976914854,-0.0223977561049391,-5.92376151270808e-05,-0.000478165143081965,0.00324342553770463,8.73767165149433e-05,4.62529391877728e-05,-0.00134410999930515,0.000482602357766108,-0.00317436859696913,-0.000394503071891231,0.00652798757812449,0.0024730868481721,-0.000846963941332352,-0.00471627037143781,0.0510958071007531,0.00151502202406743,-1.19719213905644e-05,-0.0551375209451647,-0.14238938354958,0.250334357087958,2.96485926087886e-15,-0.0168320811715376,-0.0094952491833485,-2.08576623854373e-12,0.0282784474093322,0.185458486472533,1.11093773553235e-05,-0.000212004008494766,0.0209362966551377,-0.00106218428870502,-0.0138360185831949,0.00243638298477946,4.44010753219868e-05,1.13642935817282e-06,1.75732639123533e-05,2.33194518806795e-06,0.182124826308374,-0.073245304442109,2.7443290594449e-15,-6.47314465310864e-15,-0.000199505928622523,0.208005191953867,0.00102160979914833,-1.14269931925821e-05,8.35468189653149e-05,-0.0123006141801152,-0.000341501223414256,0.068159427569751,4.33759246161915e-16,2.51734131266135e-16,-2.02230381715976e-06,-4.79188998893864e-05,4.42354486374086e-16,1.95423319409541e-17,4.08178616252691e-17,8.75588663087888e-17,-0.000381817547613852,9.36698699476983e-05,2.16463308506494e-05,-0.000331830967964174,-5.52239852493688e-16,1.03205649561971e-05,5.24670052801611e-08,-2.21957868751232e-15,-3.6302596829653e-17,1.92941886723459e-17,-4.80865046176351e-05,-7.51994213298487e-06,1.17255973553863e-05,-1.38888651079637e-06,3.35509031173132e-07,1.61303190091825e-17,-1.02147334864581e-17,-6.12198844703326e-17,1.10371781159024e-16,-1.48972816448978e-07,1.05151656158125e-17,4.65080126847142e-19,-3.21465944141952e-17,2.66473158822773e-17,7.48397491882064e-17,-1.1044533199027e-16,-7.24132927638398e-17,-1.98882063994734e-16
"t1",-0.0185140929704183,0.00328765872577612,-0.0493037593996395,0.00793195041397538,-0.00404419395979443,0.00972609661436718,-0.0303633384228123,0.00703649543527014,-0.000860084354005311,0.00870336875793993,-0.0345716108845384,0.000117581311847143,-0.120440914348506,0.0358067950819935,-0.000283172032509688,0.0141319411017274,-0.0218310917776909,0.0509159561616641,-0.0273796337014132,0.0542319881532917,0.0021625276743707,-0.120723184114424,-0.00239468987069745,0.018049749493348,0.379088287876217,-0.0337985573754307,-0.132567858408492,0.212679625628509,-0.277447774020539,0.125701163346291,-0.0939902030597234,0.238082765914402,-0.0500425695681295,0.00243822186164884,-0.0937996051988136,0.00366980838637898,-0.114853014704834,0.090337648006429,-0.0379042003190207,0.000667016658988566,-0.377775745626488,2.8261212002213e-05,0.141887607508382,-0.133123471992437,0.126697467430667,-0.00938779444765205,-0.00286085267552972,0.0157494400673231,1.73821708909312e-05,0.257538386458816,-0.028714930206208,0.020020812399052,-0.0369126491397154,-0.000323142618969293,-0.000239010518408956,7.67298133739751e-05,-0.0463837211093733,-9.92729137643794e-07,-5.99416170950136e-05,0.0071313994540738,0.000192679165584093,0.00010194235960212,0.000205746722943255,0.00106222276901575,-0.000924868742962473,-0.000855203551994691,-0.00102426820099563,-0.000414750635084085,-0.0019444758339181,-0.00866108672098238,0.0887392756734251,0.00298460706676329,-1.87511595547584e-05,-0.082463846850917,-0.198082739980206,0.317407733837896,1.46896383945716e-14,0.189139657051265,-0.181896711028417,-2.03786406152706e-11,-0.00530645679574896,-0.24136668036506,1.81309616169379e-06,0.00150597585446219,0.000696006268937648,0.000247657504960762,9.74296775203362e-05,-0.000249230132298661,-0.0001751217668542,-4.31659754249192e-06,-2.50700705697697e-05,-1.19389862017517e-05,-0.00109758992779528,0.000371367664215458,1.17612988871923e-16,-8.08378277680963e-17,2.57410195899505e-05,-0.000366169157674203,-1.31445361073679e-06,-2.57930725350991e-06,4.24910561729968e-06,-0.000603226705128034,-8.45731015837988e-05,0.00053143122432632,-8.47255496717504e-17,4.56213826106309e-17,-3.25032364545917e-06,-5.75359456910201e-06,3.15936513062276e-16,1.06759527930071e-16,-1.15383226205611e-18,2.20130717185612e-17,-9.54393466186823e-06,0.000159232871361882,5.49679989221277e-07,-0.000580624282739875,7.07369680841572e-17,1.82510345533965e-05,8.97596124216437e-09,-3.03576608295941e-16,-5.68656326265736e-17,-1.4118685141377e-16,-9.55474140696636e-06,-3.32680741517704e-07,2.15325387666072e-05,-2.56046274204344e-06,6.22596819759664e-07,4.75386867973953e-18,8.66150166830197e-17,2.4657157865226e-17,1.84531209757033e-16,-2.81511378630067e-07,1.33127318921792e-16,2.95916443439401e-17,-4.96998275867355e-16,3.47167446485306e-18,-1.11839898207568e-16,-4.15284491077478e-17,2.79042735284056e-17,-5.32262638374214e-16
"t93",-0.027899129049237,0.00603281146970096,-0.269254152547881,-0.0393367632977921,0.0067278091125193,-0.0117056942809233,0.0274943328952515,-0.00420119282133796,0.00050890354703542,-0.00345382369201076,0.0131792079619131,-3.41621655162136e-05,0.0313076188680431,-0.00923962258740847,7.37708073172572e-05,-0.00388356242599256,0.0060988735135051,-0.168191113545662,0.153053933066747,0.0250956500083771,0.00023775843655278,-0.00685313684778807,-4.99543570388839e-05,-0.000315685293984083,-0.0165108114902791,0.00151245481628931,0.00702489121532512,-0.0112852155528437,0.0154028311972936,-0.00704665381401794,0.00565312609420359,-0.0144086679630105,0.00307471449391628,-0.000196144308531003,0.00785011851174248,-0.000349184630618222,0.0112367348612719,-0.0552931513451071,-0.270374421794827,0.0015232952299925,-0.0329979604200251,1.51331193136151e-06,0.00667287281483761,-0.00275958557025403,0.00188854847867537,-0.000124679021468829,-3.78276309165918e-05,0.000184830164275111,2.00950673896765e-07,0.00258903781366103,0.113799542036377,-0.000128336231821268,7.86025572367603e-05,-1.37729299414731e-07,-8.73091499390794e-08,5.78391105042762e-10,3.68671465501688e-06,1.01362201870131e-10,-7.20645486253272e-10,7.32798125061159e-07,4.30700762224595e-08,9.09808369325154e-08,1.96639605289042e-07,1.04588816273097e-06,-1.29485182981215e-06,-1.69491600556521e-06,-3.55793887720605e-06,-2.4902663884488e-06,-0.260334172880232,2.61189796637916e-05,0.00332445068700145,0.63805335042669,5.93411111131483e-07,0.00176446380710446,0.00304872320435948,-0.00386293091290128,6.04805566748872e-16,-0.000972626520295173,0.00090200955975663,1.10415401632276e-13,2.03011744246528e-05,0.000802907936073136,-5.14625480117878e-09,-4.01235659777071e-06,-1.5109393825863e-06,-2.8172202379834e-07,-5.53203020595311e-08,3.00388952915928e-08,2.14687508054055e-09,-5.46047345988582e-11,-2.1787703528391e-08,-0.0721665337911514,-8.54680212911957e-07,6.54310381674673e-07,7.99326594789304e-16,1.00672240404006e-15,1.95309081014583e-07,-5.63114167080541e-06,-2.19255616200208e-08,-0.0380934674206933,-3.30471470305006e-09,6.63855428561653e-07,3.77583629984751e-08,-2.28474974152458e-07,5.17899252256991e-16,4.54241015317607e-16,-1.14472850085552e-09,-2.14903348016998e-09,-1.88240133106331e-15,7.53519286981963e-17,1.845264481957e-16,1.28029597153016e-16,-9.09426331104688e-09,1.52408891887897e-07,5.35864066285508e-10,-7.00950484210877e-07,-3.65615569030348e-16,2.34798235411989e-08,1.15486899768891e-11,-2.72529598076372e-16,3.40746227521425e-16,-9.43248225130761e-17,-1.28704842023069e-08,-4.470799936597e-10,2.87718181814842e-08,-3.2897761406336e-09,7.07802341403779e-10,1.01687980456171e-16,-7.39224635547213e-16,2.1338036370584e-17,4.57982212768051e-16,8.16987229308137e-11,-2.28273182720574e-16,-3.89959640740448e-16,1.23679686504541e-15,2.95136080412345e-16,4.76618803039333e-16,-2.73329135903027e-16,1.04269518668919e-15,1.91479256670294e-15
"t68",-0.0790075878963943,-0.0297905905424585,0.0171415444662388,0.107836419839675,-0.00361543855764531,0.206336796206028,0.0252369472182734,-0.0283723542663041,-0.000370846802017896,-0.00176078256858608,0.00665618490266658,0.206155243351955,0.0121326770104338,-0.00328829503513969,-0.348685296756942,-0.00898414441879537,0.00142672322084673,-0.00459436458203951,0.00231088885282304,-0.00596786411559287,-0.000327275454136946,0.0302262890397549,0.000553254082939689,0.00201344902600025,-0.00933992383753142,0.000422763284261657,0.00577571379832253,-0.0078788680734982,0.01695880478326,-0.00901705746410439,-0.0165023456255516,0.0312575978565181,-0.0119798822381812,0.000171920629435078,0.00910993027102129,0.00319372680737817,-0.000424886193971616,7.62544669903044e-06,-6.33736875826401e-06,-2.94663269266287e-07,8.70922520091116e-05,-6.47050100842387e-09,-5.63365434049959e-05,1.56106963946323e-05,-1.30238872290843e-06,-3.38146650760089e-07,-1.08775923585734e-07,0.000338747331935996,-5.42701640684109e-11,3.43360335827789e-05,-1.66014265138742e-06,-0.000547561356556024,0.00199463280097394,-5.04241483197872e-07,-3.92681583378128e-07,2.47985780950086e-07,-0.00242754227988263,4.980167925004e-09,-6.87941106288462e-08,0.000315177481211706,8.35318831068558e-06,9.06828332771003e-06,3.52013054699273e-07,4.30990066201574e-05,-1.7263350017022e-06,-3.33623822844392e-05,-2.5046685005952e-06,-1.13699027265283e-06,4.2400986261993e-05,0.190134669661138,0.0516532543378569,-0.000370403359036523,9.50711250411785e-06,0.0595710540347883,-0.0112050600360077,0.000125446075692028,1.55791593304121e-15,-0.000444713472851087,-0.000309949969614499,1.15828606239062e-13,1.10177162851157e-06,3.97156324233681e-05,-1.90020952501841e-10,5.13809835344606e-06,-1.98084602862203e-08,3.87126711549563e-09,3.61044897295181e-10,-3.1750745408653e-10,-3.51405597051083e-08,-2.14609682696145e-09,-7.57544559719731e-08,-2.35521681158646e-10,-2.35686815331643e-07,1.7577775066079e-07,7.94163522589298e-17,-6.03100981666415e-16,0.000987406303806156,-4.9799798833232e-07,-2.17092134139521e-09,-9.78388087353519e-09,-2.55950516759592e-08,3.22235977017152e-06,9.90157646067029e-06,-2.15448429151116e-06,-2.23695033723095e-16,-1.12146199588821e-16,8.41036885276143e-07,3.02501239860945e-08,9.17630878588167e-17,3.3718565274753e-17,3.27381440477292e-17,1.60989343196575e-16,2.33599111308083e-07,-0.00253374906930253,-1.8735111868435e-09,0.000122141440271462,6.80652999638541e-17,-4.23866694333316e-06,-9.11511447706436e-11,-8.52106178848063e-16,4.49758748673794e-17,1.06259477835207e-17,1.65537738673319e-07,5.80039110582006e-09,-7.97492590750947e-06,1.83276200875156e-06,-2.80639331193599e-07,1.13831044788008e-16,1.20330846799295e-16,9.1949720387463e-18,-3.21775989683524e-16,2.12709019644571e-07,9.52527455491004e-17,-1.08934437632206e-16,-4.47361489543837e-16,-7.70540859079269e-15,-9.63201682021417e-16,-5.64887014059263e-17,-6.48600469905015e-15,-9.18878231305173e-16
"t134",-0.0808514042705259,-0.0307390581923036,0.0181480332678329,0.117439228659218,-0.00405934023778988,0.235922067613545,0.0295080821069089,-0.0348701271825355,-0.00045641618002251,-0.00236107131141736,0.00903859358465868,-0.442496763900433,0.0215027227365783,-0.00633853359721073,0.00998463012771746,-0.0131284032647531,0.00215516667211122,-0.00887291687934901,0.00447610260408884,-0.0120480081928272,-0.000699942151527631,0.0666680628673739,0.00126672714227248,0.00502685124046805,-0.0288023424134113,0.00133623158335292,0.0263951146798194,-0.0361993276592067,0.093882083854163,-0.0519157483265186,-0.122332212635513,0.236289791395367,-0.0948309548063207,0.00165993904308007,0.0565827325548615,-0.245297770319092,0.0703619640384834,-0.000275473342942107,0.000193198090583808,5.34956374222574e-06,-0.00108038617236751,6.70476937882843e-08,0.000468963681059,-0.00010069768871827,6.82876124296612e-06,1.59896912045244e-06,5.11996509927039e-07,-0.00135984866998624,2.11950084902195e-10,4.43300728290649e-05,3.10129683221513e-05,0.00654136952791575,-0.019871221784259,3.42919441307026e-06,2.46919074056569e-06,-1.36859150901777e-06,0.0130272576441104,-2.64996605168953e-08,3.53649361008962e-07,-0.00162505809163483,-4.33247210924488e-05,-4.91135649668002e-05,-1.9147448003441e-06,-0.000234896315046346,9.67873572873664e-06,0.00019452167360797,1.61834194109745e-05,9.09962411240416e-06,9.83414334672694e-05,0.0257685370593306,-0.0710956165968396,0.000533940266151618,-8.31977046563531e-06,-0.00595656701654706,-0.0205462007131921,0.000805071302965578,6.78675088975792e-15,0.00559241454149928,0.00383571554044433,0.682280894092961,-1.32337724575917e-05,-0.000491870131205112,2.51500592360235e-09,-7.04387195433971e-05,3.1399882390286e-07,-1.26188385686395e-07,-3.63542140434553e-08,-8.61330700770932e-08,-5.52920953945582e-06,-3.0964796523551e-07,-4.1390403983514e-06,-1.12140484846268e-08,-1.05542056184801e-05,7.93668088470999e-06,-7.78404406611601e-16,-7.12445103703939e-14,0.169340428667583,0.000136571804196226,4.72068893008714e-07,4.10158653567697e-07,2.52004211966138e-07,-2.56493475478727e-05,-1.01612943888971e-05,2.10380305837582e-06,2.33404602196794e-16,2.45206836462402e-16,4.69506003726607e-07,1.78340175046032e-08,7.27128116090477e-16,4.63062625579013e-16,-3.65380893688948e-16,2.26908835283694e-16,4.31936044301846e-06,-0.0668601623532266,5.89162520884106e-08,-7.59080011598173e-05,-1.80867518838818e-16,1.48707426061731e-06,3.19244518185513e-11,-3.28775582332454e-16,1.17834260858405e-16,4.42572093301746e-16,-7.32790047699159e-09,-2.50727136075352e-10,3.26357088681748e-07,-5.58271929491225e-08,4.82214994360031e-09,1.48525514307544e-16,1.71147999786752e-17,-2.89689444327435e-17,-4.79904144836392e-16,-1.83639485939111e-10,-1.44139094135699e-16,3.3342004874188e-16,-2.5395173831352e-15,2.52635355250913e-16,7.15608713987474e-17,-1.09558806351603e-15,5.75187209913444e-16,-3.81113953752363e-16
"t87",-0.0907202280427521,-0.0372826116008841,0.0451662267989092,-0.0754688618139515,0.00474126302288631,0.00145548857427882,-0.00197073992203949,0.323461417778873,0.00872838589949855,-0.00201061161975917,0.00730903006769308,-7.38591897865232e-05,0.0127473738433108,-0.00377092463366712,0.000438759369696317,-0.0389023688690567,-0.00351526709766159,-0.00268210820385707,0.00135209938028053,-0.003554407253262,-0.000186223213100643,0.0142822728454333,0.354348448552374,-0.0102053891675878,-0.00350693205309589,-0.00381117721163105,0.00356318711850408,-0.00134968600967084,0.00405633680591136,-0.00201154771704548,-0.00169316837859665,0.00291137890025193,-6.34802112361761e-05,-6.24048461701544e-05,-0.00352701728839377,0.00120585617665996,-0.000596848213051886,-1.33540737732641e-05,1.64561813688779e-05,-9.21965360616775e-06,0.000285637398307392,-1.46423370626163e-08,-8.93108071896063e-05,1.69392166296836e-05,-1.0128010585324e-06,-2.16773706273536e-07,-6.90731574138e-08,9.34116161382049e-05,3.12255338588512e-10,-2.28002347427905e-05,-8.08309887117605e-06,-0.00722934264541635,-0.00237735473144012,1.03330758850704e-07,2.02031273490489e-07,-5.9142209620111e-07,0.0107769171102587,-3.00598094156703e-08,-5.32505351222804e-08,-0.00587389808146101,0.011735667125249,-0.000156551575310611,-4.50212682415486e-05,-0.675222024499292,-2.20365343754194e-05,-0.00973038529219161,-1.07287093845384e-05,-4.0019018422452e-06,-1.82544528907564e-05,-0.000625813097515542,0.0053661967911665,-1.03182384520143e-05,-7.53061550909361e-06,-0.00345180847477841,-0.00737039638252349,-0.00386567928638313,3.60047615102604e-16,0.000746285248256987,0.000271574047783403,7.49858436611686e-14,-7.60851429517798e-06,-0.000335334197737934,2.16436770722364e-09,-0.000340787395304767,3.97365276470484e-07,-4.17725294425575e-07,-4.08841155629686e-07,2.2883396422864e-06,0.0138926694000509,-1.73553143029088e-06,4.46160556371151e-05,2.40869109516792e-08,1.77702460323717e-05,-8.41127358029693e-06,-1.82836124338255e-16,-1.59623017166314e-15,-5.57016570997733e-05,3.48512793960232e-05,1.30929689833629e-07,2.66373933087588e-07,4.05016806196617e-07,-4.71187708101691e-05,-0.000250987677457602,1.53239591300882e-05,-3.06961760569982e-16,-4.99405471716568e-16,-1.80033879863403e-06,-1.19882443034611e-07,-2.8444441578397e-16,-1.84856592698325e-16,1.79929945019263e-17,-8.53413903921312e-17,-1.91823878673578e-07,7.52602694615008e-05,1.08808611509458e-08,-0.0195132521722835,-3.71449923940357e-15,-2.33276132273448e-05,-2.63410144179443e-11,-3.34108101185079e-16,-2.35457024337044e-17,-4.36932709018496e-16,-3.8511482790568e-08,-1.33002377771821e-09,5.35337948042199e-06,-1.82733721362661e-07,4.28481163904454e-07,4.09726587969824e-17,3.48446983890246e-16,1.20217274501262e-16,-2.67465538186491e-16,7.68587004695058e-08,3.62721473658889e-17,9.48955707950693e-17,-4.51441413352329e-16,5.08507067957491e-16,-1.02293592079267e-15,3.39895612854774e-16,9.76775694602075e-16,1.98283687223891e-16
"t146",0.034853965415822,0.174720963373521,0.0389354695001328,-0.00629206482767593,0.00262233426099463,-0.00755490083246839,0.0856968872296621,0.00073970629183694,-0.000278708322926752,-0.0867902535847536,-0.00928340105697448,1.17776461195614e-07,-0.0212262575768319,0.0110194030902514,0.000471306503879948,-0.0438186367375254,0.317810390324587,0.00574852003545563,-0.00124214847843733,0.00838552933277319,0.410892806211779,0.00182524374525344,2.33289429395404e-06,-1.55098816684485e-05,-0.00351197351601921,0.000351567043961965,0.000955130391904062,-0.0016757220851485,0.000769018544528658,-0.000110432262660223,0.0268118374321059,0.0106886515375705,-0.000232251834658306,0.000199232980916087,0.00421302075299787,-0.00846731188560322,-0.0280254591744863,0.00560748040099585,-0.000973086848310868,-0.0620663693842008,-0.0109891057220505,-9.66135818513534e-07,0.0047405520585693,0.0575903402874593,0.00773179309580456,-0.153283539506812,0.0166218959249011,-1.28313995125297e-05,-1.64741933658339e-07,0.00165588187971865,-6.70917151445042e-06,-1.4964512040024e-05,1.8998332961402e-05,-3.23957084999506e-07,3.74902254026585e-06,-3.28507491601904e-09,1.37676334143274e-08,0.000116679185868212,-0.0125984766152348,-3.88150313223244e-09,5.33225733688204e-09,1.23299688473489e-08,2.30947931037106e-07,1.40874108517198e-07,-9.30759240395752e-06,-2.10861417496316e-07,-1.98406262875254e-06,-8.95152428551654e-07,-1.37077732151517e-06,-8.1316110151735e-06,0.00010207730765627,3.26377061100739e-06,-2.90776203727947e-08,-0.000143231933200709,-0.00040428468448704,0.000779533933170656,-1.23010915887028e-15,-0.000448834958907875,0.000286629536472554,2.62357789717459e-14,1.15340550542158e-05,0.00128739300206624,-2.22519459320985e-08,-2.71050076118123e-06,-3.46048977788563e-05,0.367103350761841,-2.66311384511124e-05,0.013541260603135,-3.18680870640744e-07,-4.97515020083897e-09,2.69597688858831e-08,2.18733372726409e-09,3.12675203206456e-05,-9.7554866031397e-06,-1.09664268480999e-15,3.9661606540565e-15,-4.30451655498233e-08,1.10372877269872e-05,-0.000122551784803127,1.92275224062628e-09,-8.82653009878664e-06,6.52490761050381e-06,3.4176838734301e-08,-2.55566286879316e-06,5.96829170413935e-16,-1.19665503392972e-15,1.58376458731245e-09,0.00211021601900776,-6.67264718682681e-16,6.45208590556578e-16,9.95509673214857e-16,6.03753815899206e-17,1.46732253952586e-08,-2.11888992982967e-08,-8.07800559458692e-10,3.36711829030244e-08,-0.692225033821233,-4.15103277463003e-10,-4.21816761072189e-05,1.85961188829772e-16,2.42629102532984e-15,2.3305746344499e-15,-0.00705577969596991,3.47138670676025e-09,-5.47585479780927e-09,-1.75261426389219e-10,9.91652087121134e-11,-5.76588898650761e-16,-3.4490293971336e-16,-3.77648363104082e-16,8.70599079212182e-16,-9.41425201303660e-11,-4.99757406710945e-16,4.86943076365828e-16,5.9889622216209e-16,5.27589026193236e-16,-1.70754516137115e-16,-3.03147817387912e-16,1.61428657202355e-15,-1.60321200082129e-15
"t35",0.0341357311304777,0.169844197199694,0.0369758232984902,-0.00582364201156901,0.00236044221748251,-0.00668826129543553,0.0743308133201163,0.000613096170305614,-0.000230710596517544,-0.0665860761836475,-0.00704686467429226,8.05979029877222e-08,-0.0131625022307111,0.00668804566837943,0.000272101014085524,-0.0241078730479318,0.173268192049281,0.00264839365933211,-0.000570509614865408,0.00368179353542805,0.168599817814743,0.000720859626199731,8.78084753693677e-07,-5.18485046617919e-06,-0.000839728909555429,8.0430920333537e-05,8.9170641661697e-05,-0.000153575605374137,2.75623931361035e-05,-2.76256549604441e-06,-0.00102096518269852,-0.000454787232142351,1.22835286401934e-05,-3.23239211052356e-05,-0.000724316194479453,0.00167470604402976,0.00567512835490922,-0.00166967931035154,0.00030036904667007,0.0220372202390156,0.00447500058259457,4.24256901657503e-07,-0.00229813520848484,-0.0313265632993484,-0.00454525539766366,0.0927935181997633,-0.0100740751103469,8.03678434150803e-06,1.03644826112889e-07,-0.001135924014723,4.90196938556976e-06,1.11607946342404e-05,-1.4400189331487e-05,2.65777769096962e-07,-3.17974862075266e-06,3.0400994378818e-09,-1.31180559443078e-08,-0.000112348719205745,0.013299947125906,4.15080907836375e-09,-5.77248745673938e-09,-1.37790691003811e-08,-2.58487207741421e-07,-1.57775678682113e-07,1.04960650247249e-05,2.38894888224169e-07,2.25253746366887e-06,1.01315729061024e-06,1.53287969948012e-06,9.06792668232171e-06,-0.000112990131039472,-3.59726798487311e-06,3.18121199865838e-08,0.000156007069898197,0.000437651725305901,-0.000838327692428382,4.78975055386676e-17,0.00045216143036091,-0.000287123508749472,-2.64109193011403e-14,-1.0940723347993e-05,-0.0011695101046594,1.89274897105646e-08,2.23202419304722e-06,2.48762058787472e-05,-0.0934698619484127,-6.72864179151135e-06,0.0109199733952278,-3.04875675948864e-07,-4.93451767380427e-09,5.64556082838509e-08,5.89721492755776e-09,0.000103785002113246,-4.62351835712122e-05,1.33290534279747e-16,-4.19220293212874e-16,-5.03032663113635e-07,0.000174808050974321,-0.00199776616659337,5.55500533013497e-08,0.000856899545363145,-0.000374910591199273,-5.03647094294815e-07,3.7283858743134e-05,-6.58351974092056e-17,2.58398555522634e-16,-1.68373569792049e-08,-0.0223282887343884,-1.79257044430563e-17,-3.74050972402961e-17,3.18707823097408e-17,-2.11566217809894e-17,-1.47382583318026e-07,2.12874614227032e-07,8.12388297220682e-09,-3.50659969630188e-07,-7.54351401313978e-12,4.43994113747104e-09,0.000451220016631829,4.57373712252635e-16,2.10292294252883e-16,-6.08357799059053e-16,0.0916698055884724,-4.52346225467916e-08,7.1845144819475e-08,2.38824962983521e-09,-1.45880741313662e-09,2.80874232549262e-18,-8.51777333339565e-17,-1.33564331489522e-17,3.23107320516225e-16,1.9842477746522e-09,2.06596360820976e-17,1.59656526381245e-17,-2.58415498956255e-17,-2.48699729306384e-16,4.91406214180633e-17,-4.01259470619508e-16,-2.592147820314e-16,-7.46361492312492e-16
"t81",0.0336701606456576,0.166566842706958,0.0355011730717747,-0.00542353669395361,0.00210282247349696,-0.00575815001492458,0.060699524159559,0.00041441688969706,-0.000154779590530197,-0.00912892479714286,3.75974097005544e-05,2.89085656343124e-06,-0.0368317456656439,0.0168826890090719,0.00057145631651997,-0.0433576304136382,0.302338877042017,0.00108840318819315,-0.000212308740242866,-0.00119412729162145,-0.363981397543219,-0.00296932020548802,-8.23045360442685e-06,-0.000185715627759613,-0.00848774224671301,0.000806260151258075,0.00146035456069044,-0.00255314108301433,0.00105467035245014,-0.000148624934901336,0.0325215623510321,0.0128730310970466,-0.000275175169587465,0.000198685739839495,0.00413604617017264,-0.00796518845785686,-0.0261553954347363,0.00439552938349101,-0.000745902623177926,-0.0429156509941552,-0.00662397897398097,-5.26808167720237e-07,0.00216593094530888,0.0188325868661595,0.00165399571058947,-0.0250269714932382,0.00267887116910921,-1.2476865836147e-06,-1.44840389588426e-08,-0.000225967449715418,2.58777070997143e-06,7.41011876354825e-06,-1.13234399554702e-05,4.78561133030881e-07,-8.89308074844354e-06,-4.58520719682037e-08,6.46981642435043e-08,0.000442053947239995,-0.00478921496897397,2.97641202879511e-07,1.23592857169426e-08,1.43623267559846e-08,2.62504639623617e-07,1.58439958305186e-07,-9.27059372142922e-06,-1.87444980088535e-07,-1.49520012950702e-06,-5.93480936782054e-07,-7.57506899277888e-07,-4.3635231292074e-06,5.11279333922951e-05,1.57782771362897e-06,-1.32885905047686e-08,-6.34420975653071e-05,-0.000171903605658242,0.000317998558064224,-3.97324490145688e-16,-0.000130586832713514,8.12776067313404e-05,7.51153324574211e-15,2.59001265978378e-06,0.000243045538558204,-3.25417109445333e-09,-3.50001159745309e-07,-2.62591451415551e-06,-0.000342995669675389,-6.18766675770046e-06,0.0294877165378785,-1.64829952585786e-06,-3.42284588498681e-08,-7.22513729457148e-08,-5.30141157921939e-09,-7.48501393283454e-05,2.49278170227215e-05,2.69141972892296e-17,1.879738447127e-17,1.69043680047047e-07,-5.09850291647428e-05,0.000182022971013824,-1.45547210351495e-08,-0.000164441669614976,6.75539396962102e-05,4.15022054257914e-08,-3.01016314794156e-06,-6.93046443611592e-17,-3.28726092970063e-17,-4.00112136561441e-11,-4.5558238331817e-05,-5.29870595725805e-16,-3.74050972402961e-17,1.19214623360075e-17,-2.4626068732943e-17,-1.20078271422164e-08,1.74692034008991e-08,6.86694334699401e-10,-4.19356357898059e-08,-6.36507004849724e-14,5.91320469107365e-10,2.18923340539838e-05,2.19142706316992e-16,1.11364642740832e-17,2.36303059780416e-16,0.00674674236291223,-2.5781442596852e-09,-2.53491768729479e-10,1.02114907907132e-09,-4.16214608855125e-10,-1.10690454823218e-17,-1.0940554396669e-16,4.3022079820294e-17,2.3670011312274e-16,6.00516060157027e-10,-4.17904090530674e-17,-1.35246464534812e-17,-3.86228959308216e-17,-1.36810065105881e-16,1.85777368073294e-16,-1.23002945505924e-17,-5.0777928007977e-18,1.4138466140469e-15
"t61",0.0335079506608379,0.165477730905537,0.0350799786279526,-0.00532771240703685,0.00205262139323235,-0.00559958451840081,0.0587569329938646,0.000397108608674303,-0.000148273420289511,-0.00860082496787877,3.53410353707729e-05,2.65829179516006e-06,-0.03319326778918,0.0151498231409711,0.000507780451870154,-0.0381702680857553,0.265706372263355,0.000927545716761603,-0.000180833561733701,-0.00100919411100687,-0.304129917950505,-0.00246560705667978,-6.78198258174567e-06,-0.000150294028094145,-0.00657076434878714,0.000620963544305401,0.00104396310270999,-0.00182327140929529,0.000727041519408164,-0.000101719273001245,0.0212861873187373,0.00839759478015575,-0.000178106687373776,0.000117233223554482,0.00241817551976105,-0.00454011649660201,-0.0148373488948203,0.00223777737021246,-0.000374449196348886,-0.0202032977446786,-0.00287029567936002,-2.15500939525728e-07,0.000806560196859563,0.00604319652056257,0.000462029184596932,-0.00655401379893389,0.00069963400664757,-2.99725953525927e-07,-3.43666775351211e-09,-3.92414790383247e-05,3.05907861917223e-07,7.26699496449183e-07,-9.21915890919611e-07,-6.04478622684343e-09,5.32453425472038e-07,9.91316950148702e-09,-1.83449706071191e-08,-0.000137220182569142,0.00309649355659154,-2.14202286953125e-07,-9.90249117971184e-09,-1.6172424569539e-08,-3.02020619561261e-07,-1.84023340444111e-07,1.20847040075406e-05,2.74570409972173e-07,2.61621146727503e-06,1.19498344960056e-06,1.85982297881587e-06,1.10570756448164e-05,-0.000139438315648637,-4.46725986875052e-06,3.99051429481956e-08,0.000196798580329081,0.000556158033196521,-0.00107329227107048,-3.58312617811832e-16,0.000613478410887894,-0.000391161060335482,-3.5804916573602e-14,-1.54280182784698e-05,-0.00168604584749107,2.80241837977968e-08,3.33935020727401e-06,3.82089011198042e-05,-0.014309967385623,-7.88563779123891e-05,0.25113868495925,-1.30917271315536e-05,-2.67841990234489e-07,-4.14838233892773e-07,-2.7524142996571e-08,-0.00035882427602821,0.000105065754558764,1.94139654218077e-16,9.31261932835071e-16,5.41909760167797e-07,-0.000151856614170511,0.000538650960088848,-3.85711329000943e-08,-0.000323915894603618,0.00012353742272574,-1.00809773157172e-08,9.35193792693469e-07,-3.20080896276579e-17,-9.0545613460418e-17,-2.88248732004594e-09,-0.00195553487323893,-5.18296718216231e-16,3.22550024024891e-16,1.71256327639379e-17,-2.0289260043001e-17,-6.08711481115054e-08,8.81181188293613e-08,3.39421959077871e-09,-1.64197033714348e-07,-2.48456894858671e-13,2.14644293882838e-09,7.94491234882241e-05,3.42434460419382e-16,-1.5703699314258e-17,-1.95391181809196e-16,0.0193823119202991,-7.39136237195584e-09,-7.23350247364893e-10,2.84499298286725e-09,-1.11361938357576e-09,-5.53044941197304e-17,1.85730677123659e-17,1.43991424666767e-17,1.1560603089655e-16,1.43139085485285e-09,-1.58884243681502e-16,2.1169823066055e-17,-2.21085440857976e-16,4.09990911817422e-17,2.36612033606194e-16,-1.02994167387908e-16,-7.53340935778583e-17,2.43095247776023e-15
"t109",0.0327014743456191,0.159881623128378,0.0326572859492683,-0.00468988108343668,0.00164795151192464,-0.00413570884357317,0.0369607795671699,4.41033576382697e-05,-1.27253306473046e-05,0.176630152522452,0.0270136684640748,-9.48641898095409e-06,0.01306305027435,-0.00387720523062569,-4.05237093873994e-05,0.000399859953151447,-0.00107278552672369,-0.0002440252332302,5.40999741677444e-05,-0.000450061049869854,-0.0104473969626627,8.14204255454992e-05,6.93996405368151e-07,3.89015683295438e-05,0.00468231827523178,-0.000480738988050273,-0.0020798199554751,0.00367474094421688,-0.00219975098462403,0.00033728155013682,-0.189107265839312,-0.0899864732890427,0.00454211912802166,-0.000434005999845285,-0.00986540296989105,0.0231362638030646,0.0784457050530493,-0.0229340285601672,0.00413113679908628,0.307619773624079,0.0648753467605677,6.38284065355537e-06,-0.0374703409778965,-0.6383015669269,-0.361279243741582,-0.303799119610658,0.0227762958845902,7.72112307597209e-05,1.0675900561405e-06,-0.019937832947441,0.000108488622874938,0.000268194665651808,-0.000371116547762814,1.0983787067513e-05,-0.000183455113989952,-7.98452572398529e-07,1.3101303607894e-06,0.210705536326863,-0.0148848136011918,4.62142946252672e-06,1.69327824718604e-07,1.82815555168434e-07,3.33694478093985e-06,2.01303828935211e-06,-0.000117388467825086,-2.37703345561634e-06,-1.91649544808572e-05,-7.72382205795605e-06,-1.01724860565229e-05,-5.89521780135614e-05,0.000701292291590988,2.18225717861817e-05,-1.863553979022e-07,-0.000896886694212197,-0.00245678747060172,0.00459699974968807,-4.53222743066829e-16,-0.00209945119512841,0.0013184137322471,1.2019130380317e-13,4.57657640754317e-05,0.00459893533924932,-6.85577345574961e-08,-7.79063408820653e-06,-7.52819532954297e-05,0.00496578446320459,3.9079831088548e-05,-0.0144855007025202,-5.21827384834928e-07,-1.65301401487474e-08,-2.56302775142171e-07,-2.34319056493484e-08,-0.00038044209080103,0.000152439058405146,5.08209947437596e-16,-1.83648937308592e-15,1.39260672397199e-06,-0.000443865200048283,0.000459671985335507,-1.41939602221954e-07,-0.0118605458581894,0.000769503478948727,8.86367677186952e-07,-6.53180111502811e-05,-7.27740913131128e-17,-4.59907017571529e-17,1.31238235201169e-08,0.00324202928902389,-4.30999635174252e-17,4.08642988522732e-16,8.13104013750797e-17,1.91347004026169e-16,1.54200564615855e-07,-2.22000051115119e-07,-8.35722035015648e-09,2.90400866395492e-07,1.42567230888688e-13,-3.28063188345314e-09,-3.99228264347816e-05,6.298339512877e-16,-1.4756514259745e-16,1.63436799856131e-16,-0.00527032587729521,1.34230672610285e-10,1.35459469014181e-08,-2.44900240977414e-09,7.16934693934537e-10,-7.35190906174869e-17,-1.12947723031177e-16,3.60831859163868e-17,-2.60611197383688e-16,-3.68125965382053e-10,-3.74536003631254e-17,-3.17392429512376e-17,-3.06240064475494e-16,-1.79815070014692e-17,1.00914060452346e-16,1.79053909185915e-15,-1.11790290263992e-15,6.49256499310471e-17
"t150",0.0335617861541456,0.16567334359373,0.0349051059390273,-0.00519670472578239,0.00190344329248543,-0.0049033461495804,0.0453204157449195,5.86692184816991e-05,-1.69691837828158e-05,0.277228827466741,0.0435212548383564,-2.0989584704095e-05,0.0474624055445923,-0.0165423277743478,-0.000298629512816309,0.0112355593159453,-0.0665841895601609,0.000637489257818698,-0.000138420139184153,0.000878818705866762,0.0147577288550682,-9.85187938372069e-05,-7.04745283400222e-07,-2.72702437998548e-05,-0.0014097592576473,0.000130257327718724,-7.33520077131815e-05,0.000142566681707967,-0.000364512202172719,6.60218306202625e-05,-0.096158405252001,-0.0497938702853339,0.00313284481225449,0.000155005223965564,0.00291865150628332,-0.00429494768918144,-0.0133980657203979,9.42908418248233e-05,2.87680762620402e-05,0.0140992053961068,0.00510216993948531,6.053491832506e-07,-0.00427864964375045,-0.0854412420594397,-0.0523953060795799,-0.0451734563578831,0.00338985414588855,1.17733987642005e-05,1.63273981046072e-07,-0.00317538009262058,1.72993963939349e-05,4.24358387507051e-05,-5.81309968085185e-05,1.48824377380091e-06,-2.08347042969581e-05,1.17813126843701e-07,-1.28771841060819e-06,-0.91699958953387,-0.00742393450629126,2.19484811068821e-06,7.75258580974266e-08,7.83685384178056e-08,1.42697565051851e-06,8.59951243571477e-07,-4.96266197155043e-05,-9.97624274944167e-07,-7.99210846259105e-06,-3.2139999299205e-06,-4.23230310800292e-06,-2.45323618576961e-05,0.000292030685785886,9.09119634630399e-06,-7.76949866526243e-08,-0.000374105288496228,-0.00102543518923851,0.00192008050255539,-2.17967128825906e-15,-0.000882467428165502,0.000554443439966408,5.0642099157802e-14,1.93291729531509e-05,0.00194810315834592,-2.91542425032026e-08,-3.3186128658428e-06,-3.22596994824692e-05,0.00216965676982471,1.73273591731039e-05,-0.0065020685653064,-2.34912874378016e-07,-7.44633549527636e-09,-1.17515680728564e-07,-1.08294229089588e-08,-0.000177135867164894,7.20301719398938e-05,-2.75447565253636e-17,-5.19834254819529e-16,6.93172031833261e-07,-0.000226213033369821,0.000234837817065393,-7.66135440931976e-08,-0.069199718318767,-1.97934115533868e-05,3.82603470319725e-07,-2.82591764766874e-05,5.99322545991129e-17,-5.23017668732518e-16,6.17576200769449e-09,0.00152886702810208,-1.06590584358007e-15,3.58029390345237e-16,-2.52623867750455e-16,-5.63257708023742e-16,7.7779854727158e-08,-1.12048633439293e-07,-4.22925781412683e-09,1.53449105329347e-07,7.48158467878678e-14,-1.77204210865047e-09,-2.15660446711698e-05,-7.3427035208963e-16,2.22489201800865e-17,3.89531017071668e-16,-0.00324749019859283,8.28759153580209e-11,8.40226177307718e-09,-1.55902778615871e-09,4.82277982145806e-10,-1.16887177516907e-16,-4.72469669274595e-16,2.29504853487801e-16,-2.06772768643369e-16,-3.52101329429611e-10,-3.09805186091484e-16,-4.64843924970405e-17,-2.6869392985049e-16,1.62546518214883e-16,1.64617780158698e-16,4.7851401701324e-16,2.02095024444671e-15,-2.78107195340342e-15
"t26",0.0232462144635202,0.094076181989026,0.00382073265626325,0.00305889053126619,-0.00345202196834855,0.0149657810168843,-0.26725897981931,-0.00780826722648938,0.00309675657698749,-0.0314620932523523,0.0236144696982154,-2.1823686963869e-05,0.0247566047615885,-0.00682099330548484,-5.32382987395427e-05,0.000146223366608705,0.000113294918206949,-0.000767292682563978,0.000167513222472733,-0.00112120502737497,-0.000733046197175989,0.000403492129418012,2.1866407696515e-06,9.63999916813445e-05,0.00905664697533308,-0.000908918967458972,-0.00280703578692156,0.00493170623723864,-0.00230453655405828,0.000328068099077535,-0.0235177203616566,0.000295746015607343,-0.00179836588932385,-0.00136597852397299,-0.0300085694941515,0.0700817810071024,0.240781759420357,0.0649863058253098,-0.00703012733725388,-0.104216775860416,-0.00220779169781462,1.34263741221996e-07,-0.00145548094755675,-0.0120217312066907,0.00112695986448407,0.000276947014443274,7.46545637754699e-05,-1.70905040806559e-06,-2.42513199810142e-08,0.000392390671479483,2.37529163693858e-06,1.31438618823126e-05,-2.86554563801202e-05,4.08360034509533e-06,-0.00702038328699391,-2.29708948711649e-06,6.8510833639552e-06,7.05199991889298e-06,8.67398904961758e-05,-3.49925004974933e-05,-1.16805730023509e-06,-1.17417138992151e-06,-2.14916271941119e-05,-1.29857900425785e-05,0.00991005773247989,1.55908533184936e-05,0.000135879579473516,5.92914941071104e-05,9.0999507391351e-05,0.00054345096254276,-0.00698706503401702,-0.000227286022767497,2.097725342521e-06,0.0105885831086235,0.0310403126405984,-0.0626935640418704,-1.59863587719493e-16,0.116754134502932,-0.100582144758452,-1.08916815835094e-11,0.00124827811663277,0.0563499206400765,-4.15368377429796e-07,-3.60991359566656e-05,-0.000131999340811218,-2.63070858949387e-05,-8.9806289260594e-05,0.000286389110933952,4.19087446280894e-06,1.05822887129219e-07,1.08737258349806e-06,1.0208121542733e-07,0.00170194084240934,-0.000714994200840779,-4.04644446931079e-17,-5.23262780437792e-17,-7.22352595075671e-06,0.0023476675247275,-1.18282433511191e-05,7.80571836486272e-07,0.000150224025470888,-0.00515128094564668,-6.43424088685493e-06,0.000475633828955396,1.01565618022556e-16,-8.24247260853502e-17,-1.06186720861985e-07,-0.000400696974462583,9.20439203704744e-17,-7.66360115257517e-17,2.05950797158915e-17,-1.5952451353059e-17,-1.76998478689643e-06,2.55411661012066e-06,9.70925167362013e-08,-3.94884788978153e-06,-3.28548319327386e-14,4.81527634769705e-08,1.02639700187089e-05,5.87621466352393e-16,5.93752526311071e-17,1.39933336060593e-16,0.00233831391880334,6.21581815055726e-08,-4.58949494056841e-07,6.56625100848157e-08,-2.14040537828689e-08,-5.79065793336956e-17,-4.73230711930285e-17,1.35317807286883e-17,7.0378088962686e-17,2.29498360305937e-08,2.1526997820086e-17,1.50982909001361e-17,-5.39684145694849e-16,1.30509405529288e-16,-1.16072804633661e-16,-5.77571576794202e-17,2.36587601439309e-16,1.20202237085567e-15
"t8",0.0225269697710679,0.0900779737117393,0.00351455380598319,0.00267731180978919,-0.00284004156216004,0.0118074317684704,-0.199017035592712,-0.00494349047219417,0.00195000071238708,-0.0121201836794555,0.00810235715822228,5.41479485427848e-06,-0.0388424377645686,0.0145684258919998,0.000253731151275244,-0.00263295580605469,-0.00347695687066854,-0.00342593470980459,0.000738204115282698,-0.00421145182133823,-0.00233114671012328,0.00119584327217635,6.02418595081134e-06,0.000232584993311982,0.0177112259808283,-0.00174454555450947,-0.00432998437444041,0.00758719708387398,-0.00324564563670916,0.000453904856274625,-0.0291202056057352,0.000363101697847248,-0.00216408032839357,-0.00126068278148533,-0.0268624325242519,0.057304354614091,0.193342695689573,0.0295009388901467,-0.00285198116986415,-0.0180219209907245,0.000357842101943853,-5.68921637146143e-08,0.00133301536550389,0.0231610071569544,-0.00368614074101448,-0.00113696107047826,-0.000309393746331879,9.46886243743415e-06,1.40302825478086e-07,-0.00844645012961178,9.15685056095969e-05,0.000279780296672042,-0.000456344119993729,3.04185144368623e-05,-0.00458387069461571,-1.05382435524837e-05,2.87325678645098e-05,2.86920904435836e-05,0.00027569061237841,-0.000107257402527351,-3.45128613819291e-06,-3.06326726810287e-06,-5.55515792035026e-05,-3.34230279424118e-05,0.00699646340922865,3.7475913459799e-05,0.00030037157483212,0.000122106653909525,0.000166478546827384,0.000972902180524122,-0.0118468122787091,-0.000373945602578998,3.278940959082e-06,0.0160526484362057,0.0451019546624524,-0.0869643819993513,-1.76500762846624e-16,0.088990872378782,-0.0711066761019202,-7.44656251205446e-12,0.000174439036592648,-0.0212114837301592,5.56886623507362e-07,6.96584194594885e-05,0.000799731156243435,-0.000230108388739522,-0.000500037770017075,0.00135720819270589,1.93359218478202e-05,4.85494630708796e-07,4.46279940215549e-06,4.05306075844386e-07,0.00659092535239384,-0.00266683829411476,-2.11277392078075e-17,-1.35593004890666e-16,-2.5197796815418e-05,0.00806937842913626,-4.06058646991848e-05,2.62823937724108e-06,0.000486810170436704,-0.0165770938202162,-1.94354638889282e-05,0.00143507104486053,4.86565520052636e-17,-7.35059186815355e-17,-3.01619070175156e-07,-0.00113610447192358,2.03983403251138e-16,-8.26805967978894e-17,3.4472867523706e-17,-3.80938702122135e-18,-4.75892171129798e-06,6.86424173959405e-06,2.60468088642314e-07,-1.03205949968826e-05,-8.59957945241947e-14,1.24467133991124e-07,2.65297630770233e-05,5.89749898049603e-16,7.80754758212763e-17,1.08854847682042e-16,0.00578141860418419,1.53612360474986e-07,-1.13299305853032e-06,1.61193424648386e-07,-5.20246307478882e-08,-5.35697706437536e-17,-4.35459843424684e-17,5.21354658862267e-19,1.37089080487287e-16,5.40335204745679e-08,1.02512952262368e-17,6.4246735202521e-18,-4.29882523807312e-16,8.94202213488316e-17,1.95980622864067e-17,1.41339356092786e-16,2.80429037757764e-16,1.91044376957424e-15
"t124",0.126714405182193,-0.0814500326796676,0.0187660090645428,-0.00344801795872401,0.00131001273056981,-0.00314040073749997,0.0186253698442916,0.00329382388877672,-0.182544184975373,-0.0148001012024098,0.112876005723275,8.50597776953559e-06,0.0201360418228428,0.0718868870271132,2.27628889907511e-05,0.0001043935454186,-0.000592157653759153,-0.0868149086123076,-0.101690356539777,0.0355149660408172,-8.9627872744433e-05,0.000980917047956161,6.0944895702991e-06,2.16435265726995e-06,-0.000375681949523644,4.24305086851242e-05,0.000769911979765655,-0.0013486273322888,-0.00630556500558949,-0.00891107240453617,-4.22104640548285e-07,-8.59814038234145e-07,1.99292900311388e-06,0.000384454842014174,8.05241986749798e-05,-6.79421631567909e-05,-0.000136230516273405,0.00082327856865336,-0.000113140050387597,3.00681259124356e-05,0.000206943245361478,4.37583527482243e-05,-0.000223848677168144,-0.000961509030797632,0.00326520263554057,-0.00592181164621094,-0.0533131588287486,-1.8547910003838e-05,-0.491274317508368,-0.0006499414984967,-1.59875622217497e-06,-9.33941071048731e-06,2.05670764578403e-05,0.0970120059614082,-1.01122728490118e-07,-0.000358811385183445,1.19648836527066e-05,3.0186868137797e-08,-1.56122573200246e-07,2.28573167355337e-06,1.14743096327503e-07,2.04526670883604e-06,0.731513523297493,-5.09727583842573e-05,3.04544562212924e-05,2.4372509081798e-06,0.0318309204058801,0.0868351499046764,4.389735045839e-07,2.67799351817204e-06,-3.03657856128881e-05,-8.77779187301533e-07,6.37615415910726e-09,2.74403381563624e-05,6.33187824846874e-05,-9.60231846487149e-05,-4.68680144302736e-16,-7.77950169652327e-06,-5.5430606060936e-06,-1.50638617958451e-15,0.0160472643184786,-0.000191877385776798,0.0386834113115005,-8.34342165588223e-08,0.00400987531261936,-2.889009184777e-06,-0.00524240720973786,1.95880888902956e-05,4.16445358608237e-07,1.10278126815596e-08,4.39252922215109e-07,1.00351805797602e-07,0.0165563419014816,-0.00629325503700524,-5.29053696063953e-16,8.54066738154103e-16,1.03744665011629e-05,-0.0105688093687227,-5.20719564514458e-05,7.22072307322053e-07,2.31695240229986e-06,-0.000163058757017281,2.10144514719036e-05,-0.00513951340611375,-2.54014370686864e-16,-3.28525944704087e-17,-7.52186978437519e-09,-1.68311406159591e-07,-3.15899556118093e-16,-4.37503002243675e-17,1.50699340414152e-16,1.1501917108319e-16,-0.0201201662422614,-1.33666448543762e-06,-0.0980005894671049,1.78823010836084e-08,-5.32415779298052e-16,-1.20251238595137e-09,-6.12309753097362e-12,-1.76404476556306e-16,1.46545398411364e-17,-1.49392951930814e-16,1.04700511266343e-08,4.75653593724939e-05,-2.53467424569605e-09,2.93706109831912e-10,-6.56158571565879e-11,-2.71277566878843e-16,3.37507446548168e-16,8.36658070079683e-16,-1.76718815775115e-16,1.42187237181798e-11,-8.83066300950806e-18,5.43255452098624e-17,-7.98435243968929e-16,2.24857282009245e-16,-3.53370009128839e-16,8.31600005031858e-16,-4.88251539389199e-16,-1.89451167908612e-15
"t121",0.128251547604587,-0.0828003934745776,0.0193429614368385,-0.00360974826590534,0.00139526008332359,-0.00337989697549267,0.0203088835033099,0.00369987997361472,-0.205221333042394,-0.0175282541024985,0.134693802119443,1.09571925858523e-05,0.0280494909358255,0.101935238311831,3.36785601856276e-05,0.000161143553110645,-0.000921558451942655,-0.158743846280628,-0.186527895691735,0.0682575376946219,-0.000185340925006531,0.00211761513845081,1.3914781995168e-05,5.72920412796897e-06,-0.001672375433792,0.000205541370051573,-0.0113376617078098,0.0187674591594864,0.0302276592719366,0.037593983214618,1.01252988931551e-06,1.99669933539579e-06,-4.30488468670883e-06,-0.000447254378781678,-8.94348879803226e-05,6.69558189613331e-05,0.000131435806900509,-0.000531850223676927,6.99695034160935e-05,-1.54908141133137e-05,-8.70029791421889e-05,-1.623235540278e-05,6.91529703153822e-05,0.000231285933769931,-0.0006417620238126,0.00106766619595461,0.0095780727873452,2.99844419208407e-06,0.0782287109546539,7.32435096937979e-05,1.2615496133554e-07,6.32932959684592e-07,-1.21198975148906e-06,-0.001297896928674,-8.05335216708917e-10,-3.00035645904739e-05,1.5228358073346e-06,4.50361668973139e-09,8.36131036769709e-08,-6.58332426007963e-07,-2.13455652879476e-08,-1.30884008137464e-07,-0.0438578511806845,2.96923203233893e-06,-1.23116633942676e-06,-6.52158725524783e-08,-0.00037895081118185,-0.000359127460967129,7.62508484186909e-10,5.71142816592122e-09,-7.45372839206957e-08,-2.00383144353797e-09,9.72476505144347e-12,2.28315242037889e-08,-2.36834736314605e-08,1.89050977119059e-07,8.66902089710418e-16,2.6457684479934e-07,2.13301394585605e-07,-1.73431527996676e-15,-0.00173548598451538,4.75386583402735e-05,-0.468318875185084,-7.7674359289958e-08,0.00108536192795404,-4.35359079765221e-07,-0.000718430191877921,2.58663287616465e-06,5.46549060325296e-08,1.44540185527555e-09,5.61198861718494e-08,1.27219301560533e-08,0.00208631815672299,-0.000785506796288152,-3.15205011953849e-16,-3.09932714226335e-16,1.26918549344437e-06,-0.0012860343552366,-6.33323943492325e-06,8.712642276421e-08,2.74103021230414e-07,-1.92062208764443e-05,2.33425039974803e-06,-0.00057003059692342,-1.20297435621469e-16,-2.04458723418148e-16,-7.39039348961525e-10,-1.64486983761037e-08,-5.11264571526086e-16,1.49484832471599e-16,3.6927449838723e-16,6.22425787806406e-16,-0.00169124167760701,-1.12595376107012e-07,-0.00835893820691392,1.90681378782955e-10,-1.50862595394105e-16,-1.0406229052825e-11,-5.24713432595662e-14,-2.57178461052831e-16,-2.85643366086874e-17,-4.05075483645262e-16,-9.36834078992152e-10,-4.33997673818153e-06,2.41698383711629e-10,-3.49088439221629e-11,1.12008497493816e-11,-1.1515245404093e-16,-2.23171040450655e-16,3.08790154884564e-17,5.04225221971406e-16,-7.46948945753183e-12,-2.20466927078678e-16,2.53491006294003e-17,4.29959107009786e-16,-2.28831926697012e-16,5.56217028364866e-16,-1.71699947722626e-16,-1.70756638738394e-16,7.95153642598648e-16
"t122",0.128251547604587,-0.0828003934745776,0.0193429614368385,-0.00360974826590534,0.00139526008332359,-0.00337989697549267,0.0203088835033099,0.00369987997361472,-0.205221333042394,-0.0175282541024985,0.134693802119443,1.09571925858523e-05,0.0280494909358255,0.101935238311831,3.36785601856276e-05,0.000161143553110645,-0.000921558451942655,-0.158743846280628,-0.186527895691735,0.0682575376946219,-0.000185340925006531,0.00211761513845081,1.3914781995168e-05,5.72920412796897e-06,-0.001672375433792,0.000205541370051573,-0.0113376617078098,0.0187674591594864,0.0302276592719366,0.037593983214618,1.01252988931551e-06,1.99669933539579e-06,-4.30488468670883e-06,-0.000447254378781678,-8.94348879803226e-05,6.69558189613331e-05,0.000131435806900509,-0.000531850223676927,6.99695034160935e-05,-1.54908141133137e-05,-8.70029791421889e-05,-1.623235540278e-05,6.91529703153822e-05,0.000231285933769931,-0.0006417620238126,0.00106766619595461,0.0095780727873452,2.99844419208407e-06,0.0782287109546539,7.32435096937979e-05,1.2615496133554e-07,6.32932959684592e-07,-1.21198975148906e-06,-0.001297896928674,-8.05335216708917e-10,-3.00035645904739e-05,1.5228358073346e-06,4.50361668973139e-09,8.36131036769709e-08,-6.58332426007963e-07,-2.13455652879476e-08,-1.30884008137464e-07,-0.0438578511806845,2.96923203233893e-06,-1.23116633942676e-06,-6.52158725524783e-08,-0.00037895081118185,-0.000359127460967129,7.62508484186909e-10,5.71142816592122e-09,-7.45372839206957e-08,-2.00383144353797e-09,9.72476505144347e-12,2.28315242037889e-08,-2.36834736314605e-08,1.89050977119059e-07,8.66902089710418e-16,2.6457684479934e-07,2.13301394585605e-07,-1.73431527996676e-15,-0.00173548598451538,4.75386583402735e-05,-0.468318875185084,-7.7674359289958e-08,0.00108536192795404,-4.35359079765221e-07,-0.000718430191877921,2.58663287616465e-06,5.46549060325296e-08,1.44540185527555e-09,5.61198861718494e-08,1.27219301560533e-08,0.00208631815672299,-0.000785506796288152,-3.15205011953849e-16,-3.09932714226335e-16,1.26918549344437e-06,-0.0012860343552366,-6.33323943492325e-06,8.712642276421e-08,2.74103021230414e-07,-1.92062208764443e-05,2.33425039974803e-06,-0.00057003059692342,-1.20297435621469e-16,-2.04458723418148e-16,-7.39039348961525e-10,-1.64486983761037e-08,-5.11264571526086e-16,1.49484832471599e-16,3.6927449838723e-16,6.22425787806406e-16,-0.00169124167760701,-1.12595376107012e-07,-0.00835893820691392,1.90681378782955e-10,-1.50862595394105e-16,-1.0406229052825e-11,-5.24713432595662e-14,-2.57178461052831e-16,-2.85643366086874e-17,-4.05075483645262e-16,-9.36834078992152e-10,-4.33997673818153e-06,2.41698383711629e-10,-3.49088439221629e-11,1.12008497493816e-11,-1.1515245404093e-16,-2.23171040450655e-16,3.08790154884564e-17,5.04225221971406e-16,-7.46948945753183e-12,-2.20466927078678e-16,2.53491006294003e-17,4.29959107009786e-16,-2.28831926697012e-16,5.56217028364866e-16,-1.71699947722626e-16,-1.70756638738394e-16,7.95153642598648e-16
"t67",0.118256656714695,-0.0739440795641775,0.0154536512486133,-0.00248465947674387,0.000780753394997727,-0.00161500233557059,0.00755037059672242,0.000412127722473185,-0.0212537013502321,0.00756885020319542,-0.0699512262629646,-1.7762232099757e-05,-0.0982192392284651,-0.423679652295579,-0.000220235005252208,-0.00199711979016758,0.0136585685515598,-0.100381230587274,-0.0800668377499913,-0.156896067833501,0.00127441049397084,-0.0226722274012163,-0.000268161671204706,0.000676511468559907,-0.0179834469827902,0.00203688228011673,-0.0434265710543255,0.0705809724630003,0.0186113623846104,-0.0165146472225961,-0.000164931262599243,0.000466736393094942,-0.000175761306199814,-0.00367255535160468,-0.000705205991657784,0.000480351536343515,0.000928383675719009,-0.00289459943121154,0.000370669031531658,-7.30646441357705e-05,-0.000355393582129309,-5.98264846799697e-05,0.000212061501711405,0.000487818901584371,-0.000772006301366308,0.000822718968833765,0.00720470941238619,5.39774126731621e-07,0.00736617627402728,-0.000159119789070888,-6.49990609011141e-07,-4.18262111907819e-06,9.71512289568076e-06,0.00509834589202638,-2.01044562355752e-06,-0.000872141608818774,3.38859575879738e-05,9.26439467224768e-08,9.69212318031959e-07,-6.84689282369659e-06,-1.92927862361989e-07,-1.37264739584044e-07,-0.00414541073826578,-1.06419415325306e-06,1.0293620263925e-05,1.75372168580621e-06,0.114872313121859,-0.0110830008212197,-4.07950558808654e-07,-1.78939556047395e-06,1.07578357574079e-05,2.29488569899205e-07,-1.01003454398726e-09,-3.19268509607151e-06,-4.60328582865496e-06,3.68246708967344e-06,1.04690222685582e-15,-3.62849867413268e-07,-2.47503477150582e-07,-9.37133570394649e-18,-7.29857027338889e-05,1.29821752329999e-05,-4.77591261346035e-06,2.36292815339199e-08,-0.00246101107657043,1.26196704922653e-05,0.48225197351429,0.000313285766733953,5.70336281807488e-06,1.467655898323e-07,4.07871533040779e-06,8.90523262343845e-07,0.144676351365674,-0.0556798308202432,-4.31060257909651e-16,2.9330299667731e-15,0.00011050570866155,-0.123240035620667,-0.000612611896620214,1.01324600037129e-05,7.27872993528407e-05,-0.00726538244764867,-0.000185301940187685,0.0439045366970136,3.99623113304937e-16,2.43780934812227e-17,1.66463241170143e-08,3.58396278003682e-07,-2.25500154640585e-16,3.06134146974381e-16,-1.32320280656562e-17,-1.25999068788472e-16,0.00279393477922016,1.52416782748843e-07,-4.722491514938e-05,-2.21611812194917e-08,5.78321834060369e-17,8.2207408085841e-10,4.17919761484389e-12,3.62115025459946e-16,9.06365299220681e-17,2.24150178890481e-16,-5.4991810250875e-10,-2.35156920645651e-06,1.07904900290937e-10,-3.15155817143397e-12,-1.88264686023665e-12,8.17386604824373e-17,2.44320395160668e-16,-1.5091156624929e-17,-2.69309609547117e-16,-8.48972330890136e-13,6.53995388547198e-16,1.44258348021966e-16,5.94198375466154e-16,1.36032134825149e-16,-1.42474146071319e-16,3.96700129498195e-16,-2.31402422272736e-16,1.22978283996463e-15
